0	0
1	0
2	0
3	0
4	0
5	0
6	0
7	0
8	0
9	0
10	0
11	0
12	0
13	0
14	0
15	2863
16	3984
17	4362
18	4343
19	4366
20	4423
21	4676
22	4703
23	5083
24	5886
25	9128
26	18104
27	33180
28	36117
29	24226
30	14340
31	9840
32	6718
33	5067
34	4789
35	4724
36	4829
37	4751
38	4987
39	5176
40	5253
41	5297
42	5461
43	5550
44	5662
45	5706
46	5777
47	5874
48	5838
49	6040
50	6066
51	6145
52	6204
53	6362
54	6367
55	6307
56	6299
57	6345
58	6241
59	6225
60	6023
61	6261
62	6176
63	6062
64	6046
65	6017
66	5945
67	5935
68	5850
69	5861
70	5805
71	5844
72	5792
73	5876
74	5606
75	5708
76	5792
77	5661
78	5647
79	5635
80	5882
81	5580
82	5660
83	5588
84	5459
85	5422
86	5414
87	5312
88	5373
89	5439
90	5294
91	5264
92	5186
93	5177
94	5028
95	5226
96	5236
97	5219
98	5072
99	5100
100	5218
101	5207
102	5082
103	5184
104	4888
105	5218
106	5341
107	5330
108	5493
109	5815
110	5725
111	5963
112	6099
113	6110
114	6272
115	6296
116	6459
117	6400
118	6382
119	6270
120	6442
121	6312
122	6302
123	6380
124	6163
125	6181
126	6116
127	6034
128	5874
129	5750
130	5667
131	5785
132	5755
133	5663
134	5547
135	5580
136	5566
137	5508
138	5431
139	5408
140	5353
141	5200
142	5102
143	5098
144	5053
145	5010
146	4911
147	4830
148	4765
149	4772
150	4737
151	4724
152	4711
153	4611
154	4550
155	4559
156	4557
157	4517
158	4408
159	4435
160	4368
161	4373
162	4545
163	4295
164	4288
165	4381
166	4237
167	4242
168	4232
169	4244
170	4172
171	4066
172	4075
173	4109
174	4189
175	4111
176	4057
177	3952
178	3892
179	4015
180	3910
181	3915
182	3918
183	4025
184	3960
185	3919
186	3833
187	3875
188	4020
189	3895
190	3874
191	3868
192	3809
193	3972
194	3785
195	3942
196	3840
197	3771
198	3866
199	3852
200	3699
201	3710
202	3745
203	3642
204	3729
205	3597
206	3651
207	3621
208	3700
209	3772
210	3680
211	3593
212	3561
213	3644
214	3636
215	3519
216	3579
217	3479
218	3645
219	3646
220	3712
221	3711
222	3776
223	3654
224	3719
225	3778
226	3606
227	3710
228	3663
229	3706
230	3758
231	3735
232	3790
233	3858
234	3916
235	3738
236	3768
237	3923
238	3909
239	3983
240	3958
241	3973
242	3979
243	3963
244	4003
245	3860
246	3811
247	3934
248	3848
249	3633
250	3615
251	3521
252	3384
253	3278
254	3121
255	3108
256	2915
257	2756
258	2462
259	2388
260	2257
261	2083
262	2031
263	1934
264	1735
265	1654
266	1623
267	1458
268	1428
269	1355
270	1356
271	1236
272	1221
273	1133
274	1139
275	1124
276	1023
277	1015
278	1017
279	930
280	901
281	898
282	875
283	828
284	777
285	776
286	740
287	769
288	748
289	678
290	705
291	688
292	667
293	628
294	615
295	587
296	608
297	613
298	537
299	582
300	519
301	492
302	570
303	535
304	555
305	570
306	531
307	539
308	533
309	510
310	568
311	606
312	551
313	555
314	530
315	602
316	582
317	607
318	564
319	634
320	626
321	595
322	658
323	690
324	791
325	837
326	933
327	1074
328	1264
329	1480
330	1781
331	2166
332	2574
333	3173
334	3724
335	4526
336	5588
337	6452
338	7765
339	8970
340	10667
341	12003
342	14123
343	15741
344	18120
345	20466
346	22817
347	25023
348	27481
349	29783
350	32090
351	33789
352	35815
353	37483
354	38340
355	39487
356	39285
357	39417
358	38919
359	38088
360	36444
361	34559
362	32706
363	30663
364	28024
365	25312
366	22868
367	20442
368	17805
369	15515
370	13277
371	11126
372	9265
373	7671
374	6234
375	5002
376	3892
377	3194
378	2453
379	1919
380	1417
381	1081
382	864
383	590
384	433
385	369
386	293
387	219
388	180
389	175
390	155
391	119
392	105
393	115
394	98
395	100
396	98
397	102
398	98
399	92
400	89
401	94
402	112
403	87
404	94
405	75
406	96
407	87
408	88
409	91
410	103
411	99
412	76
413	99
414	115
415	96
416	82
417	96
418	85
419	78
420	100
421	100
422	65
423	92
424	93
425	76
426	77
427	70
428	97
429	82
430	67
431	61
432	76
433	75
434	89
435	64
436	83
437	88
438	94
439	84
440	75
441	74
442	85
443	69
444	79
445	87
446	65
447	77
448	87
449	66
450	59
451	63
452	72
453	73
454	84
455	104
456	76
457	91
458	69
459	83
460	88
461	86
462	72
463	74
464	81
465	98
466	76
467	93
468	103
469	96
470	88
471	88
472	81
473	103
474	81
475	91
476	88
477	110
478	80
479	99
480	107
481	82
482	89
483	87
484	78
485	86
486	87
487	96
488	84
489	98
490	66
491	70
492	73
493	68
494	85
495	79
496	65
497	80
498	94
499	79
500	78
501	64
502	77
503	84
504	72
505	60
506	69
507	78
508	62
509	60
510	83
511	60
512	60
513	55
514	65
515	67
516	75
517	48
518	42
519	51
520	57
521	62
522	65
523	57
524	47
525	66
526	42
527	39
528	62
529	47
530	49
531	44
532	51
533	37
534	35
535	57
536	39
537	50
538	50
539	49
540	37
541	38
542	40
543	46
544	43
545	51
546	55
547	40
548	45
549	54
550	51
551	43
552	44
553	42
554	50
555	49
556	49
557	45
558	39
559	52
560	58
561	38
562	68
563	54
564	49
565	62
566	54
567	60
568	55
569	53
570	47
571	46
572	48
573	49
574	50
575	54
576	60
577	52
578	62
579	55
580	43
581	48
582	50
583	51
584	43
585	33
586	42
587	41
588	46
589	48
590	44
591	38
592	37
593	39
594	46
595	31
596	33
597	35
598	23
599	41
600	40
601	33
602	34
603	33
604	36
605	25
606	37
607	21
608	34
609	29
610	23
611	31
612	32
613	22
614	41
615	26
616	31
617	31
618	32
619	28
620	33
621	21
622	31
623	30
624	36
625	34
626	30
627	28
628	26
629	31
630	23
631	26
632	37
633	28
634	35
635	24
636	35
637	32
638	31
639	27
640	26
641	31
642	23
643	34
644	30
645	29
646	45
647	36
648	35
649	29
650	35
651	37
652	40
653	45
654	42
655	43
656	31
657	35
658	37
659	53
660	59
661	48
662	59
663	46
664	46
665	63
666	42
667	67
668	49
669	53
670	60
671	55
672	69
673	53
674	75
675	65
676	75
677	65
678	56
679	76
680	61
681	69
682	66
683	52
684	48
685	68
686	50
687	65
688	69
689	55
690	52
691	53
692	49
693	51
694	41
695	50
696	36
697	35
698	38
699	45
700	47
701	37
702	45
703	34
704	27
705	32
706	29
707	18
708	44
709	26
710	33
711	23
712	21
713	31
714	22
715	35
716	32
717	33
718	39
719	33
720	41
721	40
722	32
723	39
724	37
725	35
726	38
727	35
728	39
729	50
730	51
731	29
732	42
733	36
734	47
735	41
736	50
737	43
738	37
739	40
740	42
741	44
742	35
743	23
744	29
745	23
746	33
747	31
748	41
749	43
750	29
751	23
752	25
753	22
754	18
755	27
756	24
757	15
758	20
759	13
760	20
761	18
762	24
763	13
764	19
765	17
766	14
767	20
768	21
769	10
770	20
771	17
772	19
773	16
774	26
775	12
776	12
777	10
778	21
779	13
780	28
781	18
782	17
783	15
784	11
785	9
786	16
787	22
788	18
789	15
790	9
791	25
792	15
793	16
794	10
795	22
796	17
797	11
798	18
799	21
800	24
801	13
802	19
803	16
804	16
805	11
806	20
807	19
808	16
809	11
810	13
811	19
812	17
813	12
814	19
815	14
816	14
817	12
818	13
819	16
820	13
821	10
822	14
823	17
824	14
825	11
826	11
827	14
828	17
829	14
830	12
831	21
832	14
833	11
834	6
835	10
836	9
837	9
838	12
839	17
840	14
841	16
842	13
843	22
844	18
845	12
846	16
847	13
848	19
849	19
850	21
851	14
852	18
853	17
854	22
855	24
856	20
857	14
858	24
859	16
860	20
861	17
862	21
863	15
864	15
865	16
866	17
867	14
868	20
869	21
870	14
871	23
872	19
873	22
874	16
875	15
876	15
877	16
878	14
879	15
880	16
881	17
882	11
883	14
884	13
885	13
886	15
887	12
888	8
889	16
890	8
891	10
892	10
893	15
894	10
895	6
896	4
897	9
898	5
899	18
900	8
901	9
902	7
903	10
904	15
905	7
906	8
907	13
908	5
909	11
910	11
911	10
912	9
913	8
914	5
915	10
916	8
917	9
918	8
919	6
920	5
921	9
922	8
923	7
924	9
925	10
926	9
927	3
928	8
929	10
930	9
931	7
932	10
933	8
934	8
935	5
936	5
937	5
938	3
939	7
940	7
941	7
942	7
943	14
944	10
945	11
946	6
947	6
948	7
949	3
950	7
951	9
952	7
953	5
954	8
955	16
956	3
957	11
958	7
959	2
960	11
961	10
962	8
963	10
964	9
965	3
966	10
967	7
968	10
969	5
970	5
971	8
972	8
973	7
974	10
975	8
976	7
977	10
978	9
979	9
980	13
981	9
982	4
983	8
984	8
985	10
986	8
987	14
988	10
989	9
990	7
991	11
992	12
993	10
994	7
995	8
996	6
997	8
998	16
999	4
1000	10
1001	12
1002	8
1003	17
1004	11
1005	9
1006	10
1007	13
1008	0
1009	0
1010	0
1011	0
1012	0
1013	0
1014	0
1015	0
1016	0
1017	0
1018	0
1019	0
1020	0
1021	0
1022	0
1023	0
