197.75092074 0.00049642
197.952761 0.00037373
198.15461887 0.00012486
198.35649434 0.00043114
198.55838743 -0.00041396
198.76029811 0.00049544
198.9622264 0.00010072
199.16417227 0.00044846
199.36613574 0.0005486
199.5681168 0.00029867
199.77011545 0.00017157
199.97213167 0.00050061
200.17416547 0.00048832
200.37621685 0.00074938
200.57828581 -3.038e-05
200.78037233 0.00105014
200.98247641 0.00074503
201.18459806 0.00037904
201.38673727 0.00063007
201.58889403 0.00034815
201.79106835 0.00024507
201.99326021 0.00054746
202.19546962 0.00024916
202.39769657 8.63e-06
202.59994106 0.00028791
202.80220309 0.00036695
203.00448265 0.00041087
203.20677974 0.00025472
203.40909436 0.00018093
203.6114265 0.00031879
203.81377616 0.0001637
204.01614334 0.00021588
204.21852802 0.00100451
204.42093022 0.00047918
204.62334993 0.00032524
204.82578714 0.00015437
205.02824185 0.0008107
205.23071405 0.00032827
205.43320375 0.00071441
205.63571094 0.00046723
205.83823561 0.0002652
206.04077777 0.0005246
206.24333741 0.00044966
206.44591453 0.00015436
206.64850912 0.00061141
206.85112118 0.00019841
207.05375071 0.00043621
207.2563977 0.00074269
207.45906215 0.00030659
207.66174406 0.00086568
207.86444343 0.00036005
208.06716024 0.00055287
208.2698945 0.00039617
208.47264621 0.00039908
208.67541536 0.00023442
208.87820194 0.00044716
209.08100596 2.311e-05
209.28382742 0.00052866
209.4866663 0.0005699
209.6895226 0.00038165
209.89239632 0.00074106
210.09528747 0.00064903
210.29819603 0.00052864
210.50112199 0.00024267
210.70406537 0.00087065
210.90702615 0.00050072
211.11000434 0.00065289
211.31299992 0.00062889
211.5160129 0.00056721
211.71904327 4.486e-05
211.92209103 0.0003642
212.12515617 0.00069456
212.3282387 0.00013809
212.5313386 0.00055286
212.73445588 0.0004054
212.93759053 0.00069857
213.14074255 0.00056871
213.34391194 0.00048201
213.54709869 0.00025045
213.7503028 0.00053808
213.95352426 0.00086932
214.15676308 0.0005794
214.36001924 0.00074378
214.56329275 0.00038971
214.76658361 0.00045361
214.9698918 0.00055947
215.17321733 0.00066492
215.37656019 0.00025586
215.57992038 0.00063673
215.7832979 0.00021711
215.98669274 0.00033868
216.1901049 0.00055426
216.39353438 0.00037466
216.59698117 0.00090307
216.80044527 0.00042569
217.00392668 0.00078667
217.20742539 0.00031314
217.4109414 0.00094718
217.61447471 0.00051787
217.81802531 0.00086158
218.0215932 0.00061664
218.22517838 0.00069985
218.42878084 0.00135457
218.63240058 0.00071449
218.8360376 0.00095503
219.0396919 0.00111024
219.24336346 0.0009911
219.44705229 0.00077728
219.65075839 0.00133057
219.85448174 0.00056203
220.05822236 0.00054311
220.26198022 0.00114367
220.46575534 0.0006394
220.66954771 0.00151671
220.87335732 0.0010231
221.07718417 0.00125595
221.28102826 0.00110866
221.48488958 0.00113569
221.68876814 0.00140414
221.89266392 0.00104604
222.09657693 0.00130114
222.30050716 0.00137761
222.50445461 0.00097762
222.70841927 0.00104587
222.91240114 0.00100427
223.11640023 0.00066636
223.32041651 0.00119016
223.52445 0.00150334
223.72850069 0.00121155
223.93256857 0.00102198
224.13665365 0.00165409
224.34075591 0.00175593
224.54487536 0.00200442
224.74901199 0.00167693
224.9531658 0.00144549
225.15733679 0.0018228
225.36152494 0.0019856
225.56573027 0.00191622
225.76995276 0.0020845
225.97419242 0.001832
226.17844923 0.00224765
226.3827232 0.00206866
226.58701432 0.00224761
226.79132259 0.0021823
226.99564801 0.00211805
227.19999057 0.00265685
227.40435027 0.00230248
227.60872711 0.00246573
227.81312108 0.00273686
228.01753218 0.00277058
228.2219604 0.00216336
228.42640575 0.00232669
228.63086822 0.00159385
228.8353478 0.00246967
229.0398445 0.00296024
229.24435831 0.00305531
229.44888922 0.00272214
229.65343724 0.00240673
229.85800236 0.00265917
230.06258457 0.00333996
230.26718388 0.00322486
230.47180028 0.00339347
230.67643377 0.00354414
230.88108434 0.00349233
231.08575199 0.00399618
231.29043671 0.00354846
231.49513852 0.00383693
231.69985739 0.0047316
231.90459333 0.00471129
232.10934633 0.00402015
232.3141164 0.00452419
232.51890352 0.00478226
232.7237077 0.00501199
232.92852892 0.00494674
233.1333672 0.0050027
233.33822252 0.0045202
233.54309488 0.00462149
233.74798428 0.00505904
233.95289071 0.0049518
234.15781417 0.00493996
234.36275467 0.00503067
234.56771218 0.00532631
234.77268672 0.0050388
234.97767828 0.005234
235.18268685 0.00513104
235.38771244 0.00528492
235.59275503 0.00495982
235.79781463 0.00462174
236.00289123 0.00493858
236.20798482 0.00439464
236.41309542 0.00466702
236.618223 0.00495871
236.82336758 0.00520712
237.02852914 0.00488941
237.23370768 0.00501594
237.4389032 0.00519132
237.64411569 0.00533818
237.84934516 0.00519269
238.0545916 0.00593715
238.259855 0.00588234
238.46513537 0.00602927
238.67043269 0.00585577
238.87574697 0.0061363
239.08107821 0.00664047
239.28642639 0.00642083
239.49179152 0.00684896
239.69717359 0.00746773
239.9025726 0.00714039
240.10798855 0.00714555
240.31342143 0.00803596
240.51887124 0.00785532
240.72433798 0.00713094
240.92982164 0.00768954
241.13532222 0.00765236
241.34083972 0.00792071
241.54637413 0.00791438
241.75192545 0.00802769
241.95749368 0.00749594
242.16307881 0.00723088
242.36868084 0.00740228
242.57429977 0.00734851
242.77993559 0.00647055
242.9855883 0.00669486
243.1912579 0.00642388
243.39694438 0.00685811
243.60264775 0.00689031
243.80836799 0.00665472
244.0141051 0.00617383
244.21985909 0.00639301
244.42562994 0.00607356
244.63141766 0.00622446
244.83722224 0.00569789
245.04304367 0.00618151
245.24888196 0.00596261
245.45473711 0.00583543
245.66060909 0.00575406
245.86649793 0.00589292
246.0724036 0.00616849
246.27832612 0.00650115
246.48426546 0.00601219
246.69022164 0.00623511
246.89619465 0.00607891
247.10218448 0.00666818
247.30819114 0.00659493
247.51421461 0.00659333
247.7202549 0.00690513
247.926312 0.00701725
248.1323859 0.00731415
248.33847662 0.00731521
248.54458413 0.00721232
248.75070844 0.00737931
248.95684955 0.00726987
249.16300745 0.00780447
249.36918214 0.00772857
249.57537362 0.00757589
249.78158188 0.00741028
249.98780691 0.0074262
250.19404872 0.0072726
250.40030731 0.00735692
250.60658266 0.00759363
250.81287478 0.00760801
251.01918366 0.00695715
251.22550931 0.00651175
251.4318517 0.00654685
251.63821085 0.00657199
251.84458675 0.00626624
252.0509794 0.00588361
252.25738879 0.00594798
252.46381492 0.00580471
252.67025778 0.00575146
252.87671738 0.00579143
253.08319371 0.00528353
253.28968676 0.00556008
253.49619654 0.00519801
253.70272304 0.00546662
253.90926625 0.00536627
254.11582618 0.0054011
254.32240282 0.00518326
254.52899617 0.00542243
254.73560622 0.00545465
254.94223296 0.00525655
255.14887641 0.00533846
255.35553655 0.0054463
255.56221338 0.00518456
255.7689069 0.0049237
255.9756171 0.00545596
256.18234398 0.00562025
256.38908754 0.00526217
256.59584778 0.00602932
256.80262468 0.00550545
257.00941825 0.00640362
257.21622849 0.00601215
257.42305539 0.00618165
257.62989894 0.00616445
257.83675915 0.00607873
258.04363601 0.00601735
258.25052952 0.00605995
258.45743968 0.00656979
258.66436647 0.00623649
258.8713099 0.00638643
259.07826997 0.00594369
259.28524667 0.0060682
259.49224 0.00638632
259.69924995 0.00626207
259.90627652 0.00578588
260.11331972 0.00496397
260.32037952 0.00497307
260.52745594 0.00537449
260.73454897 0.005338
260.9416586 0.00455634
261.14878484 0.00476059
261.35592767 0.00498428
261.5630871 0.00472726
261.77026313 0.0043157
261.97745574 0.00434504
262.18466493 0.00390127
262.39189071 0.00435955
262.59913307 0.00401753
262.806392 0.00428752
263.01366751 0.00417139
263.22095958 0.00431423
263.42826823 0.00383721
263.63559343 0.00369264
263.84293519 0.00423141
264.05029351 0.00385029
264.25766838 0.00401357
264.46505981 0.00397997
264.67246777 0.00427559
264.87989229 0.00397203
265.08733334 0.00429701
265.29479092 0.00406698
265.50226505 0.00415273
265.7097557 0.00408024
265.91726287 0.00465129
266.12478657 0.00452144
266.33232679 0.0046111
266.53988353 0.00482206
266.74745678 0.0046782
266.95504654 0.00407617
267.16265281 0.00426759
267.37027559 0.00429427
267.57791486 0.00442948
267.78557063 0.00376613
267.99324289 0.0041473
268.20093165 0.00429804
268.40863689 0.00445202
268.61635861 0.00403085
268.82409682 0.00398293
269.0318515 0.00386903
269.23962266 0.00336263
269.44741029 0.00355483
269.65521439 0.00389197
269.86303495 0.00385166
270.07087197 0.00328636
270.27872545 0.00324712
270.48659538 0.0031568
270.69448177 0.00284645
270.9023846 0.00280658
271.11030388 0.00306831
271.3182396 0.00251235
271.52619176 0.00270074
271.73416035 0.00247231
271.94214537 0.00300943
272.15014683 0.0022397
272.3581647 0.00232782
272.566199 0.00226126
272.77424972 0.00210299
272.98231686 0.00210738
273.1904004 0.00208569
273.39850035 0.00221304
273.60661671 0.00234515
273.81474948 0.00164606
274.02289864 0.00150901
274.23106419 0.00125303
274.43924614 0.00204705
274.64744448 0.00195897
274.8556592 0.00225688
275.0638903 0.00209807
275.27213779 0.00195606
275.48040165 0.00190818
275.68868188 0.00202557
275.89697848 0.00188954
276.10529145 0.00201353
276.31362078 0.0021837
276.52196647 0.0020778
276.73032852 0.00220357
276.93870692 0.00199889
277.14710167 0.00192153
277.35551276 0.00196815
277.5639402 0.00218358
277.77238398 0.00226756
277.9808441 0.00207936
278.18932055 0.00165267
278.39781332 0.0020125
278.60632243 0.00197771
278.81484786 0.00202983
279.02338961 0.00217391
279.23194767 0.00168642
279.44052205 0.00166742
279.64911274 0.00185207
279.85771974 0.00179032
280.06634304 0.00180394
280.27498264 0.00160844
280.48363854 0.00167833
280.69231073 0.00185328
280.90099921 0.00177327
281.10970399 0.00171806
281.31842504 0.00128394
281.52716238 0.001376
281.73591599 0.00137611
281.94468588 0.0012501
282.15347203 0.0013041
282.36227446 0.00174363
282.57109315 0.00149524
282.7799281 0.00127705
282.98877931 0.00110344
283.19764678 0.00095622
283.40653049 0.00096578
283.61543045 0.00092819
283.82434666 0.00128806
284.03327911 0.00121552
284.2422278 0.00127865
284.45119272 0.00054562
284.66017388 0.00105945
284.86917126 0.00136408
285.07818487 0.0012104
285.2872147 0.00125173
285.49626075 0.00115818
285.70532301 0.00143624
285.91440149 0.00144309
286.12349618 0.00091477
286.33260707 0.00129869
286.54173416 0.00111402
286.75087745 0.00161826
286.96003694 0.00090011
287.16921262 0.00117433
287.37840449 0.0021033
287.58761254 0.00137092
287.79683678 0.00156057
288.00607719 0.00150988
288.21533378 0.00100694
288.42460655 0.00106738
288.63389548 0.00140675
288.84320058 0.00102595
289.05252185 0.00152176
289.26185927 0.00134287
289.47121285 0.00129434
289.68058258 0.00114623
289.88996846 0.00145221
290.09937049 0.00101652
290.30878866 0.00132514
290.51822298 0.0014364
290.72767342 0.00159377
290.93714001 0.00116347
291.14662272 0.00159526
291.35612156 0.00111809
291.56563652 0.00174619
291.7751676 0.00105405
291.9847148 0.00150034
292.19427811 0.00152455
292.40385754 0.00130252
292.61345307 0.00162759
292.8230647 0.00126097
293.03269244 0.00129993
293.24233627 0.00171423
293.4519962 0.00148316
293.66167221 0.00157937
293.87136432 0.0008735
294.08107251 0.00184928
294.29079678 0.00100052
294.50053712 0.00145214
294.71029355 0.00118505
294.92006604 0.00123019
295.1298546 0.00113153
295.33965922 0.00147628
295.54947991 0.00110213
295.75931666 0.00105375
295.96916946 0.00112486
296.17903831 0.0012798
296.3889232 0.00112093
296.59882415 0.00134921
296.80874113 0.00127189
297.01867416 0.00089877
297.22862322 0.00131334
297.43858831 0.00163806
297.64856943 0.00153925
297.85856657 0.00152025
298.06857974 0.00127319
298.27860892 0.00122753
298.48865412 0.00135345
298.69871533 0.00162999
298.90879256 0.00150059
299.11888578 0.00174747
299.32899501 0.00161413
299.53912024 0.00144026
299.74926146 0.00147634
299.95941868 0.0019936
300.16959189 0.00186394
300.37978108 0.00213792
300.58998625 0.00211798
300.8002074 0.0019949
301.01044453 0.00166355
301.22069764 0.00196009
301.43096671 0.00240949
301.64125175 0.00197202
301.85155275 0.00236801
302.06186971 0.00198549
302.27220262 0.00273965
302.48255149 0.00266191
302.69291631 0.00270356
302.90329708 0.00229689
303.11369379 0.00301107
303.32410644 0.00281296
303.53453503 0.00321823
303.74497955 0.00277417
303.95544 0.00307788
304.16591637 0.00313249
304.37640867 0.00325162
304.5869169 0.00267925
304.79744103 0.00292943
305.00798109 0.00258445
305.21853705 0.00313275
305.42910892 0.00330615
305.63969669 0.00312997
305.85030037 0.00325537
306.06091994 0.00302836
306.2715554 0.00340516
306.48220676 0.0033331
306.692874 0.00293454
306.90355713 0.00306182
307.11425614 0.00349998
307.32497103 0.00333839
307.53570179 0.00317389
307.74644842 0.00309246
307.95721093 0.00366203
308.16798929 0.00372494
308.37878352 0.00345592
308.5895936 0.00324763
308.80041954 0.00350269
309.01126133 0.00360865
309.22211897 0.00322074
309.43299246 0.00400423
309.64388178 0.00374468
309.85478695 0.00376223
310.06570795 0.00425661
310.27664478 0.00428632
310.48759744 0.00419387
310.69856593 0.00386652
310.90955023 0.00423919
311.12055036 0.00459892
311.3315663 0.0047821
311.54259806 0.00501888
311.75364562 0.00452932
311.96470899 0.00452144
312.17578816 0.00515489
312.38688313 0.00483691
312.59799389 0.0051657
312.80912045 0.00530882
313.0202628 0.00600666
313.23142093 0.00544512
313.44259485 0.00587419
313.65378455 0.00624062
313.86499002 0.00626723
314.07621126 0.00679009
314.28744828 0.00705988
314.49870106 0.00676182
314.7099696 0.00757196
314.9212539 0.00704528
315.13255396 0.00697703
315.34386978 0.00822849
315.55520134 0.00782312
315.76654865 0.007965
315.9779117 0.00826427
316.1892905 0.00860137
316.40068503 0.00841387
316.61209529 0.0083888
316.82352128 0.00900351
317.03496301 0.00886464
317.24642045 0.00859979
317.45789362 0.00936197
317.6693825 0.00932437
317.88088709 0.00959461
318.0924074 0.00949132
318.30394341 0.00954379
318.51549513 0.01012105
318.72706255 0.00998761
318.93864567 0.01031075
319.15024448 0.01031371
319.36185898 0.010248
319.57348917 0.01036455
319.78513504 0.01042703
319.9967966 0.0105985
320.20847383 0.01092448
320.42016674 0.01056897
320.63187531 0.01110228
320.84359956 0.01069731
321.05533947 0.01080271
321.26709504 0.01091802
321.47886627 0.0114205
321.69065316 0.01114779
321.9024557 0.01091503
322.11427388 0.0109327
322.32610771 0.01064227
322.53795719 0.01001024
322.7498223 0.01032156
322.96170304 0.01031636
323.17359942 0.01048996
323.38551143 0.01044335
323.59743906 0.00998319
323.80938231 0.0100396
324.02134119 0.0100219
324.23331567 0.01005443
324.44530578 0.01012907
324.65731149 0.01024283
324.8693328 0.010585
325.08136972 0.01051165
325.29342224 0.00985895
325.50549035 0.01002758
325.71757406 0.00992441
325.92967335 0.01065052
326.14178823 0.01012897
326.3539187 0.01098484
326.56606474 0.0102733
326.77822636 0.01098341
326.99040355 0.01099905
327.20259631 0.011446
327.41480464 0.01091359
327.62702853 0.01197665
327.83926799 0.01232258
328.05152299 0.01217319
328.26379356 0.01181995
328.47607967 0.01285083
328.68838133 0.01302708
328.90069853 0.01336838
329.11303127 0.01314199
329.32537955 0.01364755
329.53774336 0.013765
329.7501227 0.01445231
329.96251757 0.01476088
330.17492797 0.01508456
330.38735388 0.0153424
330.59979531 0.01529973
330.81225226 0.01563629
331.02472471 0.01619821
331.23721268 0.0166029
331.44971615 0.01654969
331.66223511 0.01763623
331.87476958 0.01744531
332.08731954 0.01727917
332.29988499 0.01827149
332.51246593 0.01868571
332.72506236 0.01930482
332.93767426 0.01908398
333.15030164 0.02000528
333.3629445 0.02006111
333.57560283 0.02005331
333.78827663 0.02097291
334.00096589 0.02091157
334.21367061 0.02119087
334.42639079 0.02069223
334.63912643 0.02123475
334.85187752 0.02078056
335.06464405 0.02083657
335.27742604 0.02105727
335.49022346 0.02107711
335.70303632 0.02137003
335.91586462 0.02092075
336.12870835 0.02060675
336.34156751 0.02082699
336.55444209 0.0208634
336.7673321 0.02047946
336.98023752 0.02078594
337.19315836 0.02055309
337.40609462 0.0207512
337.61904628 0.02062513
337.83201335 0.02054128
338.04499582 0.02048754
338.25799369 0.02034346
338.47100695 0.02006654
338.68403561 0.01989951
338.89707966 0.01949958
339.11013909 0.0192793
339.32321391 0.01927777
339.53630411 0.01951323
339.74940968 0.01934061
339.96253062 0.01916699
340.17566694 0.01859452
340.38881862 0.01928885
340.60198567 0.01904916
340.81516807 0.01881025
341.02836583 0.01919767
341.24157895 0.01882611
341.45480741 0.01918031
341.66805123 0.01947056
341.88131038 0.01909048
342.09458488 0.01959076
342.30787471 0.01973772
342.52117988 0.01904269
342.73450038 0.01978834
342.9478362 0.02047983
343.16118735 0.02052109
343.37455382 0.0203808
343.5879356 0.01996087
343.8013327 0.02061755
344.01474511 0.02025887
344.22817283 0.0205935
344.44161586 0.02122419
344.65507418 0.02149171
344.8685478 0.0218084
345.08203672 0.02261327
345.29554092 0.02274134
345.50906042 0.02305051
345.7225952 0.02370924
345.93614526 0.024069
346.1497106 0.02462615
346.36329121 0.02497804
346.57688709 0.02544711
346.79049825 0.02567447
347.00412466 0.02574098
347.21776634 0.02595657
347.43142328 0.02581854
347.64509547 0.02650192
347.85878292 0.02693588
348.07248561 0.02779457
348.28620355 0.02767811
348.49993673 0.02888126
348.71368515 0.02844009
348.9274488 0.02927293
349.14122769 0.02958834
349.35502181 0.03033033
349.56883115 0.03074844
349.78265571 0.0308504
349.99649549 0.03168568
350.21035049 0.03180228
350.4242207 0.03124846
350.63810612 0.03206531
350.85200675 0.03246082
351.06592257 0.0322031
351.2798536 0.03292358
351.49379982 0.03248516
351.70776124 0.03179513
351.92173785 0.03301873
352.13572964 0.03289271
352.34973661 0.03291296
352.56375877 0.03312533
352.7777961 0.03305473
352.9918486 0.03290459
353.20591628 0.03249038
353.41999912 0.03299553
353.63409712 0.03210548
353.84821029 0.03242881
354.06233861 0.03216166
354.27648208 0.0315077
354.49064071 0.03115912
354.70481448 0.03116837
354.91900339 0.03063781
355.13320745 0.03054276
355.34742664 0.02959098
355.56166097 0.02962423
355.77591042 0.02933163
355.99017501 0.02909771
356.20445471 0.02845345
356.41874954 0.02820862
356.63305949 0.0274603
356.84738455 0.02798144
357.06172472 0.0276983
357.27608 0.02755758
357.49045038 0.02705797
357.70483587 0.02724886
357.91923645 0.0268106
358.13365212 0.02652835
358.34808289 0.02645514
358.56252875 0.0258278
358.77698969 0.02657412
358.99146571 0.02598029
359.20595681 0.02567958
359.42046298 0.02555111
359.63498423 0.02513442
359.84952054 0.02496045
360.06407192 0.02488561
360.27863836 0.0248012
360.49321986 0.02496317
360.70781642 0.02479596
360.92242802 0.02511952
361.13705468 0.02488013
361.35169638 0.02513297
361.56635312 0.02548674
361.7810249 0.02528406
361.99571172 0.02554989
362.21041356 0.02525598
362.42513044 0.0260566
362.63986235 0.02622916
362.85460927 0.02623824
363.06937122 0.02649112
363.28414818 0.02727414
363.49894015 0.02819557
363.71374713 0.02830362
363.92856912 0.0290952
364.14340611 0.02967638
364.3582581 0.03018073
364.57312509 0.03034206
364.78800707 0.03046933
365.00290404 0.03151849
365.21781599 0.03193839
365.43274293 0.03293007
365.64768485 0.03357191
365.86264174 0.03374682
366.07761361 0.03448897
366.29260045 0.035272
366.50760225 0.03417745
366.72261902 0.03594983
366.93765075 0.03626266
367.15269743 0.03712093
367.36775907 0.03786429
367.58283566 0.03912463
367.7979272 0.03827188
368.01303368 0.03890121
368.2281551 0.03903654
368.44329145 0.04009236
368.65844275 0.0410805
368.87360897 0.0402823
369.08879012 0.03843897
369.30398619 0.03715954
369.51919718 0.03582984
369.73442309 0.03472654
369.94966392 0.03585131
370.16491966 0.03691618
370.3801903 0.03621612
370.59547585 0.03639615
370.8107763 0.03640995
371.02609165 0.03675574
371.24142189 0.03780942
371.45676702 0.03889869
371.67212704 0.04050036
371.88750195 0.04035706
372.10289174 0.04033045
372.3182964 0.04081168
372.53371594 0.0426097
372.74915035 0.04466806
372.96459963 0.04676578
373.18006378 0.04856205
373.39554279 0.05006749
373.61103665 0.04984941
373.82654537 0.04943665
374.04206895 0.04961273
374.25760737 0.04885089
374.47316064 0.0483293
374.68872875 0.04731363
374.90431169 0.04668006
375.11990948 0.04587149
375.33552209 0.04485668
375.55114954 0.04372846
375.76679181 0.04325245
375.9824489 0.04282622
376.19812082 0.04356002
376.41380754 0.04308024
376.62950909 0.04342217
376.84522544 0.0429157
377.06095659 0.04391017
377.27670255 0.04441825
377.49246331 0.04503038
377.70823887 0.04399845
377.92402921 0.04401968
378.13983435 0.04370309
378.35565428 0.04307312
378.57148898 0.04377522
378.78733847 0.04381107
379.00320273 0.04437935
379.21908177 0.04358923
379.43497558 0.04335012
379.65088415 0.04346234
379.86680749 0.04256418
380.08274559 0.04419361
380.29869844 0.04352533
380.51466605 0.04397017
380.73064841 0.04352799
380.94664551 0.04347156
381.16265736 0.04363748
381.37868395 0.0437084
381.59472528 0.04415218
381.81078134 0.0442162
382.02685213 0.04375504
382.24293765 0.04513052
382.45903789 0.04559317
382.67515286 0.04576691
382.89128254 0.04643279
383.10742693 0.04682705
383.32358604 0.04728691
383.53975986 0.04763679
383.75594838 0.04767865
383.9721516 0.04775843
384.18836952 0.04884829
384.40460213 0.04892142
384.62084943 0.0501742
384.83711143 0.05060314
385.0533881 0.05122369
385.26967946 0.05201343
385.4859855 0.05240785
385.70230621 0.05361078
385.91864159 0.05493826
386.13499165 0.05624271
386.35135636 0.05751695
386.56773574 0.05822921
386.78412978 0.05954092
387.00053848 0.05983061
387.21696182 0.06128664
387.43339981 0.06064613
387.64985245 0.06099779
387.86631974 0.06172894
388.08280166 0.06177581
388.29929821 0.0626283
388.5158094 0.06382656
388.73233522 0.06455736
388.94887566 0.06585956
389.16543073 0.06696095
389.38200042 0.06758124
389.59858472 0.06817331
389.81518363 0.06871473
390.03179716 0.07040698
390.24842529 0.07270785
390.46506802 0.07381702
390.68172535 0.07532641
390.89839728 0.07931375
391.1150838 0.08166658
391.33178491 0.08290158
391.54850061 0.08126562
391.76523089 0.08072664
391.98197575 0.07853055
392.19873519 0.07806258
392.4155092 0.07793565
392.63229778 0.07859298
392.84910093 0.08013058
393.06591864 0.0811946
393.28275092 0.08120126
393.49959774 0.08020654
393.71645913 0.07990197
393.93333506 0.0799352
394.15022554 0.08041249
394.36713057 0.0800714
394.58405013 0.08000773
394.80098423 0.08067444
395.01793287 0.07973222
395.23489604 0.07955003
395.45187373 0.07957562
395.66886595 0.08077055
395.88587269 0.08131091
396.10289395 0.08118633
396.31992972 0.08217956
396.53698 0.08506043
396.75404479 0.08573541
396.97112409 0.08551487
397.18821788 0.08370641
397.40532618 0.08216609
397.62244897 0.08035378
397.83958625 0.07971725
398.05673802 0.07922937
398.27390427 0.07776825
398.49108501 0.07600373
398.70828022 0.07520154
398.92548991 0.07500934
399.14271407 0.07425492
399.3599527 0.07378621
399.5772058 0.07228595
399.79447335 0.071908
400.01175537 0.07112181
400.22905184 0.06985204
400.44636276 0.06984251
400.66368813 0.07040283
400.88102795 0.06945621
401.09838221 0.06940297
401.31575091 0.06857525
401.53313404 0.06834021
401.75053161 0.06761007
401.96794361 0.06764372
402.18537003 0.06729063
402.40281087 0.06652602
402.62026614 0.06637762
402.83773582 0.06740167
403.05521991 0.06709263
403.27271841 0.06801253
403.49023132 0.06872621
403.70775863 0.06911393
403.92530034 0.06981837
404.14285645 0.06925976
404.36042695 0.06711268
404.57801184 0.06585501
404.79561112 0.06582562
405.01322478 0.06509437
405.23085282 0.06499383
405.44849524 0.06537366
405.66615203 0.06540959
405.88382319 0.06546185
406.10150872 0.06643621
406.31920861 0.06825955
406.53692286 0.07014457
406.75465147 0.07086484
406.97239443 0.07076601
407.19015175 0.0706428
407.40792341 0.07036353
407.62570941 0.07031787
407.84350976 0.07077806
408.06132444 0.07109596
408.27915346 0.07064296
408.4969968 0.07152634
408.71485448 0.0721856
408.93272648 0.07177085
409.1506128 0.07326027
409.36851344 0.07381469
409.58642839 0.07403146
409.80435766 0.07418079
410.02230123 0.07562245
410.24025911 0.07695324
410.45823128 0.07828103
410.67621776 0.08037434
410.89421853 0.08015905
411.11223359 0.0798513
411.33026294 0.08185535
411.54830658 0.08266652
411.7663645 0.08360503
411.98443669 0.08450321
412.20252317 0.08459698
412.42062391 0.08453633
412.63873892 0.08418619
412.8568682 0.085408
413.07501174 0.0852157
413.29316953 0.08607089
413.51134159 0.08673289
413.72952789 0.08693187
413.94772845 0.08749994
414.16594325 0.08907701
414.38417229 0.08964135
414.60241557 0.08990455
414.82067309 0.08922009
415.03894484 0.09078019
415.25723082 0.09117859
415.47553102 0.09194428
415.69384545 0.09199114
415.9121741 0.09250309
416.13051696 0.09276528
416.34887404 0.09277147
416.56724533 0.09251887
416.78563082 0.09353355
417.00403052 0.09366737
417.22244441 0.09385037
417.4408725 0.09418453
417.65931479 0.09418969
417.87777126 0.09375132
418.09624192 0.09387139
418.31472677 0.09547331
418.53322579 0.09609727
418.751739 0.09697576
418.97026637 0.0976399
419.18880792 0.10006362
419.40736363 0.10211269
419.62593351 0.10475833
419.84451755 0.10369921
420.06311574 0.10312707
420.28172809 0.10141725
420.50035459 0.09910507
420.71899523 0.09790441
420.93765002 0.09613465
421.15631895 0.09520807
421.37500202 0.09400508
421.59369923 0.09214416
421.81241056 0.09016483
422.03113602 0.08935723
422.24987561 0.0872212
422.46862931 0.08663138
422.68739714 0.08868889
422.90617908 0.09066171
423.12497513 0.08892016
423.34378529 0.08703101
423.56260955 0.08521337
423.78144792 0.08366256
424.00030038 0.07976727
424.21916694 0.07858019
424.43804759 0.07772352
424.65694232 0.07782078
424.87585115 0.07629428
425.09477405 0.07681024
425.31371104 0.0775844
425.5326621 0.07796796
425.75162723 0.07819811
425.97060643 0.07613096
426.18959969 0.07609924
426.40860702 0.07530367
426.6276284 0.07588792
426.84666384 0.07590505
427.06571334 0.07537741
427.28477688 0.07531308
427.50385447 0.07793324
427.7229461 0.08051028
427.94205177 0.08046647
428.16117148 0.08024819
428.38030521 0.08138739
428.59945298 0.08120266
428.81861478 0.08181533
429.03779059 0.07918683
429.25698043 0.07746003
429.47618428 0.0763169
429.69540215 0.07425589
429.91463402 0.07061013
430.13387991 0.06946078
430.35313979 0.06991107
430.57241368 0.07051142
430.79170156 0.06893099
431.01100343 0.06872667
431.2303193 0.06787623
431.44964915 0.06770418
431.66899298 0.06887376
431.8883508 0.06869338
432.10772259 0.06775184
432.32710836 0.0676732
432.54650809 0.06765943
432.7659218 0.06766907
432.98534946 0.06868094
433.20479109 0.06898309
433.42424667 0.07010709
433.64371621 0.07005515
433.8631997 0.0699063
434.08269714 0.06903632
434.30220852 0.07337929
434.52173384 0.07823984
434.7412731 0.07909808
434.9608263 0.07518414
435.18039342 0.07259172
435.39997448 0.07251864
435.61956945 0.07182421
435.83917835 0.0724367
436.05880117 0.07320897
436.2784379 0.07462622
436.49808854 0.07639997
436.71775309 0.07664589
436.93743155 0.07648651
437.1571239 0.07660709
437.37683016 0.0766031
437.59655031 0.07586911
437.81628435 0.07545166
438.03603228 0.07473252
438.2557941 0.07534576
438.47556979 0.0751481
438.69535937 0.07656877
438.91516282 0.07848186
439.13498015 0.08224192
439.35481134 0.08376734
439.5746564 0.08397936
439.79451532 0.08260001
440.01438809 0.08210643
440.23427473 0.08319881
440.45417522 0.08358349
440.67408955 0.08370119
440.89401773 0.08440943
441.11395976 0.08612875
441.33391562 0.08808414
441.55388532 0.09053595
441.77386885 0.09145268
441.99386622 0.09077782
442.2138774 0.088962
442.43390242 0.09027904
442.65394125 0.09034807
442.87399389 0.08977496
443.09406035 0.089967
443.31414062 0.0932341
443.5342347 0.09361468
443.75434258 0.09182779
443.97446426 0.09019507
444.19459974 0.09433802
444.414749 0.09709133
444.63491206 0.09784271
444.85508891 0.097229
445.07527954 0.09526801
445.29548395 0.09491618
445.51570214 0.09472127
445.7359341 0.09653348
445.95617983 0.10023127
446.17643933 0.09797024
446.39671259 0.09486682
446.61699962 0.09228913
446.8373004 0.09439881
447.05761493 0.09566419
447.27794322 0.0960242
447.49828525 0.09260702
447.71864103 0.09358829
447.93901055 0.09368446
448.1593938 0.09294134
448.37979079 0.09161518
448.60020152 0.09271113
448.82062596 0.09445157
449.04106414 0.09416568
449.26151603 0.0905401
449.48198165 0.08911013
449.70246098 0.08939468
449.92295401 0.09099209
450.14346076 0.08966328
450.36398122 0.0875953
450.58451537 0.08689746
450.80506322 0.08757254
451.02562477 0.08628764
451.24620001 0.08351154
451.46678894 0.08134999
451.68739155 0.081715
451.90800785 0.08189372
452.12863782 0.08097023
452.34928147 0.078028
452.56993879 0.07690258
452.79060978 0.07690899
453.01129444 0.07758842
453.23199276 0.07815373
453.45270473 0.07658007
453.67343037 0.07663626
453.89416965 0.07619546
454.11492259 0.07447326
454.33568917 0.07350598
454.55646939 0.07251797
454.77726325 0.07259952
454.99807075 0.0742701
455.21889188 0.07474237
455.43972665 0.07354318
455.66057503 0.0711744
455.88143704 0.07194823
456.10231267 0.07152869
456.32320192 0.0716139
456.54410478 0.06986982
456.76502125 0.07069705
456.98595133 0.06967857
457.206895 0.06822925
457.42785228 0.06714794
457.64882316 0.06804194
457.86980763 0.06934136
458.09080569 0.06934407
458.31181734 0.0661278
458.53284257 0.06800448
458.75388138 0.06870517
458.97493377 0.06967527
459.19599973 0.07075431
459.41707926 0.0715012
459.63817236 0.0692317
459.85927902 0.06514903
460.08039925 0.06241142
460.30153303 0.05858531
460.52268037 0.0603275
460.74384125 0.0615318
460.96501569 0.06169217
461.18620367 0.05948904
461.40740519 0.05917875
461.62862024 0.06158759
461.84984884 0.06184958
462.07109096 0.06103524
462.29234661 0.06261792
462.51361579 0.06211533
462.73489849 0.06507341
462.9561947 0.0661683
463.17750443 0.06621748
463.39882767 0.06723125
463.62016442 0.07196182
463.84151468 0.07563238
464.06287844 0.07264039
464.28425569 0.06664124
464.50564644 0.06300343
464.72705068 0.06138598
464.94846841 0.06162794
465.16989963 0.06117623
465.39134433 0.06080953
465.61280251 0.0602869
465.83427416 0.06194141
466.05575928 0.06418067
466.27725788 0.06477245
466.49876994 0.063675
466.72029546 0.06237135
466.94183444 0.06165353
467.16338688 0.06204471
467.38495277 0.06146868
467.60653211 0.06169845
467.82812489 0.06155413
468.04973112 0.06032242
468.27135078 0.06125568
468.49298389 0.06182487
468.71463042 0.06216445
468.93629039 0.0617657
469.15796378 0.06263065
469.3796506 0.06287732
469.60135083 0.06168618
469.82306448 0.06335286
470.04479155 0.0638246
470.26653202 0.0635062
470.4882859 0.06431076
470.71005319 0.06499092
470.93183387 0.0669079
471.15362795 0.0676721
471.37543543 0.06875758
471.5972563 0.06979193
471.81909055 0.07080248
472.04093818 0.0698637
472.2627992 0.06954158
472.4846736 0.06997043
472.70656136 0.07208925
472.9284625 0.07481447
473.15037701 0.07821668
473.37230488 0.07766005
473.59424611 0.07649958
473.8162007 0.07392326
474.03816864 0.07404888
474.26014993 0.07417543
474.48214457 0.0762329
474.70415256 0.0753315
474.92617389 0.07383843
475.14820855 0.07229779
475.37025655 0.07298633
475.59231788 0.07352889
475.81439254 0.07433894
476.03648052 0.07464965
476.25858183 0.07547337
476.48069645 0.07451557
476.70282439 0.07476458
476.92496564 0.07398468
477.14712019 0.07384981
477.36928806 0.074947
477.59146922 0.07405693
477.81366369 0.0739104
478.03587144 0.07604133
478.25809249 0.07822268
478.48032683 0.07826262
478.70257446 0.07723165
478.92483537 0.07510904
479.14710955 0.0745913
479.36939701 0.07809372
479.59169775 0.07917116
479.81401175 0.08023623
480.03633902 0.08000632
480.25867955 0.07996337
480.48103334 0.07636076
480.70340038 0.07363091
480.92578068 0.07405719
481.14817423 0.07444375
481.37058102 0.0739859
481.59300106 0.07575754
481.81543434 0.07440433
482.03788085 0.0742627
482.2603406 0.07464864
482.48281357 0.07652055
482.70529977 0.07837396
482.9277992 0.08005223
483.15031184 0.0784987
483.37283771 0.07459949
483.59537678 0.0806291
483.81792907 0.09540748
484.04049456 0.1035279
484.26307325 0.09190782
484.48566515 0.07825383
484.70827024 0.07417024
484.93088853 0.07589294
485.15352 0.07991011
485.37616467 0.08227631
485.59882251 0.07847616
485.82149354 0.07142436
486.04417775 0.06828468
486.26687513 0.06535846
486.48958567 0.06540275
486.71230939 0.06405907
486.93504627 0.06467396
487.15779632 0.06459497
487.38055952 0.06197078
487.60333587 0.06295208
487.82612538 0.06255666
488.04892803 0.06105519
488.27174383 0.06186934
488.49457277 0.06061892
488.71741484 0.05947528
488.94027005 0.05929847
489.1631384 0.05915273
489.38601987 0.06043218
489.60891446 0.0579697
489.83182218 0.05660071
490.05474302 0.05630951
490.27767697 0.05647226
490.50062403 0.05639372
490.7235842 0.05624099
490.94655748 0.05497795
491.16954385 0.05443521
491.39254333 0.05511814
491.6155559 0.05590007
491.83858157 0.05572774
492.06162032 0.05540011
492.28467216 0.05525728
492.50773708 0.05468085
492.73081508 0.05515823
492.95390615 0.05435721
493.1770103 0.05311968
493.40012752 0.05215954
493.6232578 0.05168902
493.84640114 0.05331702
494.06955755 0.05831949
494.29272701 0.06068504
494.51590952 0.06195492
494.73910508 0.05981998
494.96231369 0.05819193
495.18553534 0.05275629
495.40877004 0.05138082
495.63201776 0.05107614
495.85527852 0.04989286
496.07855232 0.05005171
496.30183913 0.05087792
496.52513897 0.05076637
496.74845183 0.05185344
496.97177771 0.04996276
497.1951166 0.05105256
497.4184685 0.05012591
497.64183341 0.05035286
497.86521132 0.05089258
498.08860223 0.04898667
498.31200614 0.04827249
498.53542304 0.04760544
498.75885293 0.04729619
498.98229581 0.04845924
499.20575168 0.05024612
499.42922052 0.05276591
499.65270234 0.05329615
499.87619714 0.05145819
500.0997049 0.05122907
500.32322564 0.05157124
500.54675934 0.05361616
500.770306 0.05226621
500.99386561 0.05201161
501.21743818 0.05267194
501.44102371 0.05446939
501.66462218 0.05504536
501.88823359 0.05378276
502.11185795 0.05240876
502.33549524 0.05371168
502.55914547 0.05158027
502.78280863 0.05340331
503.00648472 0.05374027
503.23017373 0.05366085
503.45387567 0.05566081
503.67759052 0.05424583
503.90131829 0.05022189
504.12505897 0.051279
504.34881256 0.05142859
504.57257906 0.05378146
504.79635845 0.05312725
505.02015075 0.05235264
505.24395594 0.04990484
505.46777402 0.04850223
505.69160499 0.04968117
505.91544885 0.0519862
506.13930559 0.0533949
506.36317521 0.05325409
506.5870577 0.0519717
506.81095307 0.05224525
507.0348613 0.0524456
507.25878241 0.05128731
507.48271637 0.05163475
507.70666319 0.05240557
507.93062287 0.05256591
508.15459541 0.05405836
508.37858079 0.05378448
508.60257902 0.05386546
508.82659009 0.05348985
509.050614 0.05275876
509.27465075 0.05260783
509.49870033 0.05227986
509.72276274 0.05198469
509.94683798 0.05079815
510.17092604 0.05057328
510.39502692 0.04979853
510.61914062 0.04957559
510.84326713 0.05125247
511.06740645 0.05039003
511.29155858 0.05066513
511.51572351 0.05043262
511.73990124 0.04918467
511.96409177 0.05053616
512.18829509 0.05227105
512.41251121 0.05312529
512.63674011 0.05181332
512.8609818 0.04932016
513.08523626 0.04694529
513.3095035 0.04537603
513.53378352 0.04587542
513.75807631 0.04562279
513.98238187 0.04605969
514.20670019 0.04377597
514.43103127 0.04560961
514.65537511 0.04799857
514.8797317 0.04960621
515.10410105 0.04896488
515.32848314 0.04811963
515.55287798 0.04548345
515.77728555 0.04492394
516.00170587 0.04510871
516.22613892 0.04630333
516.45058471 0.04435581
516.67504322 0.04668282
516.89951446 0.04834324
517.12399841 0.04816914
517.34849509 0.04899147
517.57300448 0.0489867
517.79752659 0.0476633
518.0220614 0.04479862
518.24660892 0.04403144
518.47116914 0.04313321
518.69574206 0.04064022
518.92032767 0.03986976
519.14492598 0.04074264
519.36953697 0.0418814
519.59416065 0.04163922
519.81879702 0.04125459
520.04344606 0.0379898
520.26810778 0.03999799
520.49278217 0.0402861
520.71746923 0.03861237
520.94216896 0.03824992
521.16688135 0.03879274
521.3916064 0.03647718
521.6163441 0.036163
521.84109446 0.03850861
522.06585747 0.03788907
522.29063312 0.0350118
522.51542142 0.03483994
522.74022235 0.03501055
522.96503593 0.03627562
523.18986213 0.0352689
523.41470097 0.03458479
523.63955243 0.03377958
523.86441652 0.03542177
524.08929323 0.03432399
524.31418255 0.03341539
524.53908449 0.03450474
524.76399904 0.03449856
524.98892619 0.03435099
525.21386595 0.03547858
525.43881831 0.03236187
525.66378326 0.03093155
525.88876081 0.030235
526.11375095 0.02897313
526.33875368 0.02965031
526.56376899 0.03137782
526.78879689 0.03308592
527.01383736 0.03131382
527.2388904 0.03174959
527.46395602 0.03125265
527.6890342 0.03145727
527.91412495 0.03244528
528.13922826 0.03183025
528.36434412 0.03138819
528.58947254 0.03113137
528.81461352 0.03058612
529.03976704 0.03097156
529.2649331 0.03175394
529.49011171 0.03128685
529.71530285 0.03113496
529.94050653 0.03070436
530.16572275 0.02943599
530.39095149 0.02986129
530.61619275 0.03023299
530.84144654 0.03183842
531.06671284 0.03053333
531.29199166 0.03140073
531.517283 0.03073215
531.74258684 0.03080786
531.96790319 0.03059964
532.19323203 0.03007926
532.41857338 0.03099242
532.64392723 0.0310445
532.86929356 0.03166491
533.09467239 0.02884232
533.3200637 0.02834508
533.54546749 0.02747445
533.77088376 0.0254535
533.99631251 0.02499772
534.22175373 0.02216356
534.44720742 0.02079838
534.67267358 0.01979445
534.8981522 0.02115394
535.12364328 0.02180879
535.34914681 0.0239542
535.5746628 0.02454909
535.80019124 0.02446748
536.02573212 0.025199
536.25128545 0.0247452
536.47685122 0.02509984
536.70242942 0.02493736
536.92802006 0.02746437
537.15362313 0.02754413
537.37923862 0.02783852
537.60486654 0.028
537.83050688 0.02747477
538.05615963 0.02414781
538.2818248 0.02259328
538.50750238 0.02356867
538.73319237 0.02304882
538.95889475 0.02328866
539.18460955 0.02379299
539.41033673 0.02186577
539.63607631 0.02365213
539.86182829 0.02384546
540.08759265 0.0237936
540.31336939 0.02448818
540.53915852 0.02600701
540.76496002 0.02675614
540.9907739 0.02462917
541.21660014 0.02300034
541.44243876 0.02334723
541.66828974 0.02414146
541.89415308 0.02562034
542.12002878 0.02729511
542.34591684 0.0286011
542.57181724 0.02825814
542.79772999 0.02897991
543.02365509 0.03005369
543.24959253 0.0289534
543.47554231 0.02833816
543.70150442 0.02584874
543.92747887 0.02470992
544.15346564 0.02450259
544.37946474 0.02500068
544.60547616 0.02524236
544.8314999 0.02640189
545.05753596 0.02625709
545.28358432 0.02977863
545.509645 0.03032083
545.73571798 0.03135258
545.96180326 0.03284595
546.18790085 0.03139708
546.41401072 0.0306486
546.64013289 0.02829371
546.86626735 0.02570802
547.0924141 0.02474771
547.31857313 0.02238518
547.54474444 0.02222269
547.77092802 0.02154196
547.99712387 0.02202916
548.223332 0.02132341
548.44955239 0.02143179
548.67578505 0.01966138
548.90202996 0.01876241
549.12828713 0.02025563
549.35455656 0.02064532
549.58083823 0.02251635
549.80713215 0.02336146
550.03343831 0.02524456
550.25975672 0.02395474
550.48608736 0.02615721
550.71243023 0.02579156
550.93878533 0.02464142
551.16515266 0.02385846
551.39153222 0.02748192
551.61792399 0.02627138
551.84432798 0.02585391
552.07074419 0.02522578
552.2971726 0.02147295
552.52361323 0.01827598
552.75006605 0.01957164
552.97653108 0.02270848
553.20300831 0.02575487
553.42949772 0.02723143
553.65599933 0.02539675
553.88251313 0.02709784
554.10903911 0.0267367
554.33557727 0.02247395
554.56212762 0.01815043
554.78869013 0.01759623
555.01526482 0.01606759
555.24185167 0.01743958
555.46845069 0.01961075
555.69506187 0.01989162
555.9216852 0.01957201
556.1483207 0.02153033
556.37496834 0.01938169
556.60162813 0.0177044
556.82830007 0.01807591
557.05498415 0.01996025
557.28168037 0.01870163
557.50838872 0.02210042
557.7351092 0.02227209
557.96184181 0.02597476
558.18858655 0.02704793
558.41534341 0.02626756
558.64211239 0.03127862
558.86889348 0.03091469
559.09568669 0.03128732
559.32249201 0.03116732
559.54930943 0.03142329
559.77613895 0.03155877
560.00298057 0.03327228
560.22983429 0.0302584
560.4567001 0.02857855
560.683578 0.02457645
560.91046798 0.0253659
561.13737005 0.02880911
561.3642842 0.03087685
561.59121042 0.02881013
561.81814872 0.02430947
562.04509908 0.02372721
562.27206152 0.01901581
562.49903601 0.01995779
562.72602257 0.01744321
562.95302118 0.01716451
563.18003184 0.01747135
563.40705456 0.01514447
563.63408932 0.01196576
563.86113612 0.01344969
564.08819497 0.01401479
564.31526585 0.0143644
564.54234876 0.01357788
564.76944371 0.01469817
564.99655068 0.01711816
565.22366968 0.01809122
565.45080069 0.02051239
565.67794373 0.02210254
565.90509877 0.0239156
566.13226583 0.02518704
566.3594449 0.02799422
566.58663596 0.02948527
566.81383903 0.03150938
567.0410541 0.03439923
567.26828116 0.03656558
567.49552021 0.03836933
567.72277125 0.04342612
567.95003428 0.04459009
568.17730928 0.04505386
568.40459627 0.04068863
568.63189522 0.03904762
568.85920615 0.04124294
569.08652905 0.04599035
569.31386391 0.04677708
569.54121073 0.04807109
569.76856952 0.05448731
569.99594025 0.05913579
570.22332294 0.05285263
570.45071757 0.04404407
570.67812415 0.0368154
570.90554268 0.04198311
571.13297314 0.04982115
571.36041553 0.05563552
571.58786986 0.04662887
571.81533612 0.04486852
572.0428143 0.04973568
572.27030441 0.05665856
572.49780643 0.05781883
572.72532037 0.05669232
572.95284622 0.06007866
573.18038398 0.06235159
573.40793364 0.0539908
573.63549521 0.04620627
573.86306868 0.04128041
574.09065404 0.04622174
574.31825129 0.04948441
574.54586044 0.05163312
574.77348147 0.04888408
575.00111438 0.04943498
575.22875918 0.05007653
575.45641585 0.05951184
575.68408439 0.07594721
575.9117648 0.08480127
576.13945708 0.08259665
576.36716122 0.07282062
576.59487722 0.06399624
576.82260508 0.05847548
577.05034479 0.04851782
577.27809635 0.04498274
577.50585976 0.0475555
577.73363501 0.04399382
577.9614221 0.03888363
578.18922103 0.04077604
578.41703179 0.0405286
578.64485438 0.03878437
578.8726888 0.05071165
579.10053504 0.07998281
579.3283931 0.09296661
579.55626298 0.08521389
579.78414468 0.07370945
580.01203818 0.07738439
580.23994349 0.07107863
580.46786061 0.06462759
580.69578953 0.06050022
580.92373024 0.05184802
581.15168275 0.04318125
581.37964705 0.03277332
581.60762314 0.02992662
581.83561101 0.03245262
582.06361067 0.0366841
582.2916221 0.03729308
582.5196453 0.04567499
582.74768028 0.05815348
582.97572702 0.06396083
583.20378553 0.06120332
583.43185581 0.06105352
583.65993784 0.06319863
583.88803162 0.05674991
584.11613716 0.05059658
584.34425444 0.04854271
584.57238347 0.04454511
584.80052424 0.04156509
585.02867675 0.04289877
585.256841 0.04451473
585.48501697 0.04591783
585.71320468 0.04014309
585.94140411 0.03784463
586.16961527 0.03922113
586.39783814 0.03973467
586.62607273 0.03405725
586.85431903 0.0269881
587.08257704 0.02304018
587.31084675 0.02442445
587.53912817 0.02713555
587.76742129 0.0280091
587.9957261 0.02421666
588.22404261 0.02403542
588.4523708 0.022869
588.68071068 0.02080914
588.90906225 0.01965555
589.13742549 0.01941076
589.36580041 0.02379246
589.594187 0.02799126
589.82258527 0.02953803
590.05099519 0.02262342
590.27941679 0.0291149
590.50785004 0.04330638
590.73629495 0.05159021
590.96475151 0.05220438
591.19321972 0.0508144
591.42169958 0.05381382
591.65019108 0.05314628
591.87869423 0.0501045
592.10720901 0.03798349
592.33573542 0.0286398
592.56427346 0.0285163
592.79282313 0.03048751
593.02138443 0.02892322
593.24995735 0.02914742
593.47854188 0.0268035
593.70713802 0.02467385
593.93574578 0.02288432
594.16436515 0.02279385
594.39299612 0.02043729
594.62163869 0.01968509
594.85029285 0.02261664
595.07895862 0.02433763
595.30763597 0.02519397
595.53632491 0.03028832
595.76502543 0.03207467
595.99373754 0.02978901
596.22246123 0.0287808
596.45119648 0.04130149
596.67994332 0.05636632
596.90870171 0.06263775
597.13747168 0.05209592
597.3662532 0.04747355
597.59504629 0.05503667
597.82385093 0.06374997
598.05266712 0.06517308
598.28149485 0.05548096
598.51033414 0.0488625
598.73918496 0.04940937
598.96804733 0.05001346
599.19692123 0.04482006
599.42580666 0.03583279
599.65470362 0.03555364
599.88361211 0.03303102
600.11253212 0.02988819
600.34146364 0.02423205
600.57040669 0.01861747
600.79936124 0.01506211
601.02832731 0.0233094
601.25730488 0.02751509
601.48629395 0.03230934
601.71529452 0.02942233
601.94430659 0.03457173
602.17333015 0.03316047
602.40236521 0.0317817
602.63141174 0.02421199
602.86046976 0.02363165
603.08953926 0.03163854
603.31862024 0.03104386
603.54771269 0.03054764
603.77681661 0.04000138
604.00593199 0.04075891
604.23505884 0.04434174
604.46419715 0.037997
604.69334691 0.04274156
604.92250813 0.04401463
605.1516808 0.05255602
605.38086492 0.0584622
605.61006048 0.05569339
605.83926748 0.04721009
606.06848591 0.04213282
606.29771579 0.0412044
606.52695709 0.03861669
606.75620981 0.0299908
606.98547397 0.02786794
607.21474954 0.0235283
607.44403653 0.02328564
607.67333493 0.0293656
607.90264475 0.03527869
608.13196597 0.03310706
608.3612986 0.02656832
608.59064263 0.02031095
608.81999805 0.02257302
609.04936487 0.02328298
609.27874309 0.02106268
609.50813268 0.01908116
609.73753367 0.01725933
609.96694603 0.01542408
610.19636978 0.01526256
610.42580489 0.01769808
610.65525138 0.01574508
610.88470924 0.01810464
611.11417846 0.02180076
611.34365905 0.02273605
611.57315099 0.02085457
611.80265429 0.01874406
612.03216894 0.01904329
612.26169494 0.02201348
612.49123228 0.03044972
612.72078097 0.03413858
612.95034099 0.03216017
613.17991235 0.02993256
613.40949504 0.02589341
613.63908906 0.02512349
613.86869441 0.01677458
614.09831108 0.01045237
614.32793907 0.00888579
614.55757837 0.00455272
614.78722899 0.00046704
615.01689091 -0.00166585
615.24656414 -0.00345565
615.47624868 -0.00463217
615.70594451 0.00227236
615.93565164 0.00723674
616.16537006 0.01262013
616.39509977 0.00885822
616.62484077 0.0072297
616.85459305 0.00811781
617.08435661 0.01011237
617.31413145 0.00607392
617.54391756 0.00427926
617.77371494 0.00914389
618.00352359 0.00948397
618.2333435 0.00704518
618.46317467 0.00800582
618.6930171 0.00468394
618.92287078 0.00317936
619.15273571 -0.00089676
619.38261189 0.00105209
619.61249931 0.00740281
619.84239797 0.01095681
620.07230787 0.01177096
620.302229 0.00942913
620.53216137 0.00266412
620.76210496 0.00327366
620.99205977 0.00543806
621.22202581 0.00825409
621.45200306 0.01195107
621.68199153 0.01338634
621.91199121 0.01446852
622.1420021 0.0154092
622.37202419 0.01832933
622.60205748 0.01538028
622.83210197 0.01387255
623.06215765 0.00914919
623.29222453 0.01003582
623.52230259 0.01086833
623.75239184 0.00945023
623.98249226 0.00798361
624.21260387 0.00374891
624.44272665 -0.00131976
624.67286061 -0.00349208
624.90300573 -0.00339476
625.13316202 -0.00278904
625.36332947 -0.00089055
625.59350807 -0.00302324
625.82369784 -0.00223944
626.05389875 -0.0033353
626.28411081 -0.00526463
626.51433402 -0.00809036
626.74456837 -0.00891159
626.97481386 -0.00968494
627.20507049 -0.00471608
627.43533824 -0.00959791
627.66561713 -0.00785582
627.89590714 -0.01318122
628.12620828 -0.0121038
628.35652053 -0.01367049
628.5868439 -0.01229098
628.81717838 -0.01627842
629.04752397 -0.01867475
629.27788067 -0.02039267
629.50824847 -0.02024641
629.73862737 -0.02052679
629.96901736 -0.02175945
630.19941845 -0.02630107
630.42983063 -0.02307264
630.66025389 -0.02705632
630.89068824 -0.02760901
631.12113367 -0.02710954
631.35159017 -0.02706548
631.58205775 -0.02810196
631.8125364 -0.02514252
632.04302611 -0.02382437
632.27352689 -0.0174503
632.50403873 -0.01238584
632.73456162 -0.01249894
632.96509557 -0.01352252
633.19564057 -0.01850398
633.42619661 -0.01612523
633.6567637 -0.0178503
633.88734183 -0.0123028
634.117931 -0.01179623
634.3485312 -0.00861026
634.57914243 -0.01080527
634.80976469 -0.01084881
635.04039797 -0.01697367
635.27104228 -0.0152496
635.5016976 -0.01070234
635.73236394 -0.01382649
635.96304128 -0.00979142
636.19372964 -0.0078612
636.424429 -0.00934118
636.65513936 -0.01136646
636.88586071 -0.01446793
637.11659307 -0.01692697
637.34733641 -0.01676256
637.57809074 -0.01988141
637.80885606 -0.01767586
638.03963236 -0.01816805
638.27041963 -0.01705051
638.50121789 -0.01529061
638.73202711 -0.01654472
638.9628473 -0.01666069
639.19367846 -0.01924829
639.42452057 -0.01937763
639.65537365 -0.0232026
639.88623768 -0.02058214
640.11711267 -0.01881848
640.3479986 -0.01724088
640.57889548 -0.01903431
640.8098033 -0.02170933
641.04072206 -0.01972785
641.27165176 -0.01835102
641.50259238 -0.02001939
641.73354394 -0.02015211
641.96450642 -0.01948227
642.19547983 -0.01935155
642.42646415 -0.01868973
642.65745939 -0.01667776
642.88846554 -0.01547028
643.11948261 -0.01713946
643.35051057 -0.01752769
643.58154945 -0.01447445
643.81259922 -0.01377505
644.04365988 -0.01515629
644.27473144 -0.0176592
644.50581389 -0.01869258
644.73690723 -0.01834464
644.96801145 -0.01828096
645.19912655 -0.01703995
645.43025252 -0.01817981
645.66138937 -0.02138035
645.89253709 -0.01949886
646.12369568 -0.01978279
646.35486513 -0.02169224
646.58604544 -0.01979976
646.81723661 -0.01669921
647.04843863 -0.01601268
647.2796515 -0.01150478
647.51087522 -0.01355356
647.74210978 -0.01656353
647.97335518 -0.02036463
648.20461142 -0.01861894
648.4358785 -0.01621041
648.6671564 -0.01424395
648.89844513 -0.01272386
649.12974469 -0.0144049
649.36105507 -0.01185382
649.59237626 -0.01170021
649.82370827 -0.01008056
650.05505109 -0.00943496
650.28640472 -0.00901796
650.51776915 -0.00906159
650.74914439 -0.00576482
650.98053042 -0.00577835
651.21192724 -0.00657265
651.44333486 -0.00892982
651.67475327 -0.00967415
651.90618246 -0.00896695
652.13762243 -0.00903166
652.36907318 -0.01493734
652.60053471 -0.01646924
652.83200701 -0.01743939
653.06349007 -0.01739547
653.29498391 -0.01644027
653.5264885 0.0072145
653.75800385 0.0768572
653.98952996 0.10517234
654.22106682 0.07888858
654.45261443 0.03973755
654.68417278 0.02757786
654.91574188 0.02029322
655.14732171 0.01624628
655.37891228 0.01477356
655.61051359 0.01683338
655.84212562 0.01074138
656.07374838 -0.00228743
656.30538186 -0.01207145
656.53702606 -0.021386
656.76868097 -0.02374055
657.0003466 -0.02643726
657.23202294 -0.02548922
657.46370999 -0.02403851
657.69540773 -0.02553495
657.92711618 -0.02401296
658.15883533 -0.02556879
658.39056516 -0.02221063
658.62230569 -0.02179126
658.8540569 -0.02115413
659.0858188 -0.02176188
659.31759138 -0.02319438
659.54937463 -0.02287752
659.78116856 -0.02041115
660.01297315 -0.02140653
660.24478842 -0.0192913
660.47661434 -0.02195363
660.70845093 -0.01960041
660.94029818 -0.01846452
661.17215607 -0.0192592
661.40402462 -0.01952458
661.63590382 -0.01846019
661.86779366 -0.01438037
662.09969414 -0.01410201
662.33160526 -0.01115839
662.56352701 -0.01296523
662.79545939 -0.01410565
663.0274024 -0.01524555
663.25935604 -0.01919125
663.4913203 -0.01898567
663.72329517 -0.02227867
663.95528066 -0.02116257
664.18727676 -0.0245525
664.41928346 -0.02674252
664.65130078 -0.02900221
664.88332869 -0.03011829
665.1153672 -0.03010928
665.34741631 -0.02589192
665.579476 -0.02569895
665.81154629 -0.02460763
666.04362716 -0.02456896
666.27571861 -0.0270279
666.50782064 -0.02766967
666.73993325 -0.03033702
666.97205643 -0.0315348
667.20419017 -0.03486452
667.43633449 -0.03476207
667.66848936 -0.03707994
667.90065479 -0.03771805
668.13283078 -0.03290421
668.36501732 -0.02863441
668.59721441 -0.02796663
668.82942204 -0.02793537
669.06164022 -0.03310425
669.29386894 -0.03418782
669.52610819 -0.0331895
669.75835797 -0.02991993
669.99061829 -0.02853089
670.22288913 -0.02797854
670.45517049 -0.02597515
670.68746237 -0.02721372
670.91976477 -0.02673568
671.15207768 -0.02625898
671.3844011 -0.02693022
671.61673503 -0.02733486
671.84907945 -0.02885534
672.08143438 -0.0284934
672.31379981 -0.02815861
672.54617573 -0.03115351
672.77856214 -0.03153865
673.01095903 -0.03279191
673.24336641 -0.03525151
673.47578427 -0.03668064
673.70821261 -0.03655754
673.94065142 -0.03427011
674.1731007 -0.03379585
674.40556044 -0.02761631
674.63803065 -0.02031626
674.87051132 -0.02084442
675.10300245 -0.02060664
675.33550403 -0.01711898
675.56801606 -0.01575504
675.80053854 -0.01588668
676.03307147 -0.02171532
676.26561483 -0.02208424
676.49816863 -0.02200225
676.73073287 -0.02058205
676.96330754 -0.02025674
677.19589263 -0.02656618
677.42848815 -0.02835198
677.66109409 -0.02899857
677.89371045 -0.0281906
678.12633722 -0.02919568
678.3589744 -0.02806222
678.59162199 -0.02704912
678.82427999 -0.02812862
679.05694839 -0.02626446
679.28962718 -0.02975219
679.52231638 -0.02806408
679.75501596 -0.03043975
679.98772593 -0.03408298
680.22044628 -0.03363244
680.45317702 -0.03185081
680.68591814 -0.03270793
680.91866963 -0.03424325
681.15143149 -0.03629469
681.38420372 -0.03850871
681.61698632 -0.03418912
681.84977928 -0.03493188
682.0825826 -0.03807999
682.31539627 -0.0364527
682.5482203 -0.03135087
682.78105467 -0.02683707
683.01389939 -0.0265351
683.24675446 -0.02507353
683.47961986 -0.02338604
683.7124956 -0.02393914
683.94538167 -0.0238286
684.17827807 -0.0213896
684.41118479 -0.02271095
684.64410184 -0.02049773
684.87702921 -0.02388084
685.10996689 -0.02600479
685.34291489 -0.02818637
685.5758732 -0.03284179
685.80884181 -0.03307864
686.04182073 -0.03468839
686.27480995 -0.03031116
686.50780946 -0.02469094
686.74081926 -0.0202814
686.97383936 -0.01704314
687.20686974 -0.01347483
687.43991041 -0.00946153
687.67296136 -0.00748108
687.90602258 -0.00617286
688.13909408 -0.00473237
688.37217585 -0.00526872
688.60526788 -0.00450999
688.83837018 -0.00704119
689.07148274 -0.00631427
689.30460555 -0.00443969
689.53773862 -0.00348817
689.77088194 -0.0079219
690.00403551 -0.01176616
690.23719932 -0.01272406
690.47037338 -0.00817236
690.70355767 -0.00983428
690.93675219 -0.00798663
691.16995695 -0.00403912
691.40317193 0.00077675
691.63639714 -0.00087
691.86963257 0.00020084
692.10287822 -0.00376877
692.33613408 -0.00634673
692.56940015 -0.00771746
692.80267643 -0.0116604
693.03596292 -0.01149882
693.26925961 -0.01672675
693.50256649 -0.01258473
693.73588357 -0.01521884
693.96921084 -0.0155952
694.20254831 -0.01693565
694.43589595 -0.01505369
694.66925378 -0.01497913
694.90262179 -0.01281396
695.13599997 -0.00872512
695.36938832 -0.01341482
695.60278684 -0.0183694
695.83619553 -0.02453564
696.06961438 -0.02591583
696.30304339 -0.02900204
696.53648255 -0.02729926
696.76993187 -0.02656799
697.00339134 -0.02853554
697.23686095 -0.02858614
697.4703407 -0.02837659
697.7038306 -0.03031784
697.93733063 -0.03246543
698.17084079 -0.03625918
698.40436108 -0.03934573
698.6378915 -0.03388953
698.87143204 -0.0339165
699.1049827 -0.0313212
699.33854348 -0.02734991
699.57211437 -0.02294309
699.80569537 -0.01780895
700.03928647 -0.01708214
700.27288768 -0.01381634
700.50649899 -0.00951469
700.74012039 -0.0077951
700.97375189 -0.01206177
701.20739348 -0.01534677
701.44104516 -0.01735928
701.67470692 -0.01816088
701.90837876 -0.0175702
702.14206067 -0.0194589
702.37575266 -0.02092289
702.60945472 -0.02520781
702.84316685 -0.0265921
703.07688904 -0.032221
703.3106213 -0.03161822
703.54436361 -0.03017855
703.77811597 -0.03263983
704.01187838 -0.02885612
704.24565085 -0.03058766
704.47943335 -0.02900723
704.7132259 -0.02795436
704.94702848 -0.02415687
705.1808411 -0.02343101
705.41466375 -0.02555604
705.64849643 -0.02420824
705.88233913 -0.0252177
706.11619186 -0.02569997
706.3500546 -0.02249491
706.58392736 -0.02232737
706.81781012 -0.02045697
707.0517029 -0.01867221
707.28560568 -0.01848928
707.51951846 -0.01812379
707.75344124 -0.02192766
707.98737402 -0.02224127
708.22131679 -0.02192909
708.45526954 -0.02143117
708.68923229 -0.01641018
708.92320501 -0.01535586
709.15718771 -0.01624632
709.39118039 -0.01672828
709.62518304 -0.01844847
709.85919566 -0.01944596
710.09321824 -0.01764511
710.32725079 -0.01549498
710.56129329 -0.01308136
710.79534575 -0.00987872
711.02940817 -0.00909218
711.26348053 -0.00855601
711.49756284 -0.00879903
711.73165509 -0.00803772
711.96575728 -0.00783964
712.1998694 -0.00689898
712.43399146 -0.00520021
712.66812345 -0.00353275
712.90226537 -0.00467004
713.1364172 0.00152383
713.37057896 0.0021141
713.60475064 0.00106797
713.83893222 -0.00361021
714.07312372 -0.01024448
714.30732512 -0.01078699
714.54153643 -0.01467997
714.77575764 -0.01650575
715.00998874 -0.01606152
715.24422974 -0.01558491
715.47848062 -0.01657447
715.7127414 -0.02061979
715.94701205 -0.01823728
716.18129259 -0.01691206
716.41558301 -0.01461027
716.6498833 -0.01520158
716.88419346 -0.01709397
717.11851348 -0.01535373
717.35284337 -0.0159975
717.58718312 -0.01446302
717.82153273 -0.0161971
718.05589219 -0.01914516
718.29026151 -0.01940948
718.52464067 -0.02069721
718.75902967 -0.02207267
718.99342852 -0.02326422
719.2278372 -0.02201338
719.46225572 -0.02377427
719.69668407 -0.02482717
719.93112225 -0.0264143
720.16557025 -0.02675277
720.40002808 -0.03164558
720.63449572 -0.03151925
720.86897317 -0.02885014
721.10346044 -0.02746276
721.33795752 -0.03062729
721.5724644 -0.02912094
721.80698108 -0.02688765
722.04150756 -0.03160688
722.27604384 -0.03780662
722.51058991 -0.04093795
722.74514577 -0.04193332
722.97971141 -0.04022782
723.21428683 -0.03759212
723.44887203 -0.03733893
723.68346701 -0.03578933
723.91807176 -0.03534604
724.15268628 -0.03485391
724.38731057 -0.03575377
724.62194462 -0.0349019
724.85658842 -0.03152434
725.09124198 -0.03194222
725.3259053 -0.02899602
725.56057836 -0.02849235
725.79526117 -0.0277469
726.02995373 -0.02402368
726.26465602 -0.02304993
726.49936805 -0.02435077
726.73408981 -0.02513743
726.9688213 -0.02511914
727.20356252 -0.02738001
727.43831346 -0.02788419
727.67307412 -0.02842482
727.90784449 -0.02918788
728.14262458 -0.02710935
728.37741438 -0.02785688
728.61221389 -0.02802504
728.8470231 -0.0224436
729.08184201 -0.01827575
729.31667061 -0.01449569
729.55150891 -0.01549228
729.78635691 -0.01354662
730.02121458 -0.00791799
730.25608194 -0.0073325
730.49095898 -0.00653532
730.7258457 -0.00409791
730.9607421 0.00036087
731.19564816 -0.00018754
731.43056389 -2.495e-05
731.66548928 -0.00166006
731.90042434 -0.00073067
732.13536905 -0.00191919
732.37032342 -0.00663531
732.60528744 -0.0123228
732.8402611 -0.01662007
733.07524441 -0.01945225
733.31023736 -0.02187627
733.54523995 -0.01448516
733.78025217 -0.01377663
734.01527403 -0.02003523
734.25030551 -0.02162267
734.48534662 -0.02654111
734.72039735 -0.02661465
734.95545769 -0.02648571
735.19052766 -0.02429085
735.42560723 -0.02175049
735.66069641 -0.01944554
735.8957952 -0.0170032
736.13090359 -0.01438954
736.36602157 -0.01237921
736.60114916 -0.01116172
736.83628633 -0.00760755
737.07143309 -0.00764174
737.30658944 -0.00177398
737.54175537 -0.00197646
737.77693088 -0.00304155
738.01211596 -0.00895629
738.24731062 -0.01264418
738.48251485 -0.01489349
738.71772864 -0.01389863
738.95295199 -0.01151983
739.18818491 -0.01598198
739.42342738 -0.01421659
739.6586794 -0.01386836
739.89394097 -0.01634139
740.12921209 -0.01562469
740.36449275 -0.0163378
740.59978295 -0.01972253
740.83508268 -0.01888933
741.07039195 -0.01738504
741.30571075 -0.02025414
741.54103907 -0.02112045
741.77637692 -0.02194777
742.01172429 -0.01991333
742.24708117 -0.01878297
742.48244757 -0.01575999
742.71782348 -0.01312189
742.95320889 -0.0137619
743.18860381 -0.01158902
743.42400823 -0.01267543
743.65942214 -0.01392654
743.89484555 -0.01670034
744.13027845 -0.02083742
744.36572084 -0.02316702
744.60117271 -0.02202834
744.83663406 -0.02376292
745.07210488 -0.02095617
745.30758519 -0.01404765
745.54307496 -0.00802114
745.7785742 -0.00577864
746.0140829 -0.00119919
746.24960107 0.00048116
746.48512869 0.00460545
746.72066576 0.00716476
746.95621229 0.010338
747.19176827 0.01041188
747.42733369 0.01201295
747.66290855 0.01254005
747.89849285 0.00885697
748.13408658 0.01566421
748.36968974 0.01979618
748.60530234 0.01750148
748.84092435 0.01605558
749.07655579 0.01208942
749.31219665 0.01391983
749.54784692 0.0094326
749.78350661 0.00965538
750.0191757 0.01049328
750.2548542 0.00916034
750.4905421 0.00536723
750.72623939 0.00661113
750.96194609 0.00401717
751.19766217 0.00647752
751.43338765 0.00400116
751.66912251 0.00633237
751.90486675 0.00302677
752.14062037 0.00231602
752.37638337 -0.00428398
752.61215573 -0.00820069
752.84793747 -0.00921911
753.08372858 -0.01110037
753.31952904 -0.01168341
753.55533887 -0.01139238
753.79115805 -0.01282817
754.02698658 -0.01600436
754.26282447 -0.01897199
754.4986717 -0.02273299
754.73452827 -0.02637043
754.97039418 -0.02458968
755.20626943 -0.02945719
755.44215401 -0.02889401
755.67804792 -0.02661557
755.91395116 -0.02386395
756.14986372 -0.02727645
756.3857856 -0.02491247
756.6217168 -0.02389486
756.85765731 -0.0249175
757.09360713 -0.02081126
757.32956626 -0.01925853
757.56553469 -0.01859625
757.80151242 -0.01849259
758.03749945 -0.01581261
758.27349577 -0.00983051
758.50950138 -0.00599248
758.74551628 -0.00505902
758.98154047 -0.00655707
759.21757393 -0.01013204
759.45361667 -0.00936322
759.68966869 -0.01246504
759.92572998 -0.01393281
760.16180053 -0.01624744
760.39788035 -0.01426923
760.63396943 -0.01790414
760.87006776 -0.01794397
761.10617535 -0.01726434
761.3422922 -0.01560024
761.57841829 -0.0175074
761.81455362 -0.01678893
762.0506982 -0.01971155
762.28685201 -0.02430708
762.52301506 -0.02710477
762.75918734 -0.02946237
762.99536885 -0.03632652
763.23155958 -0.04426562
763.46775954 -0.04802467
763.70396871 -0.04831562
763.9401871 -0.0504831
764.1764147 -0.05123601
764.41265151 -0.05195313
764.64889752 -0.05509593
764.88515274 -0.05547119
765.12141715 -0.05485871
765.35769076 -0.05147926
765.59397356 -0.05336543
765.83026555 -0.05107038
766.06656673 -0.04614138
766.30287709 -0.04430865
766.53919662 -0.04291578
766.77552534 -0.03992942
767.01186322 -0.03948305
767.24821028 -0.04274425
767.4845665 -0.04802493
767.72093188 -0.05253529
767.95730642 -0.05769282
768.19369012 -0.05629789
768.43008297 -0.05568427
768.66648498 -0.05512587
768.90289612 -0.05495947
769.13931641 -0.04944214
769.37574584 -0.0469437
769.61218441 -0.04589957
769.84863211 -0.04386397
770.08508894 -0.04366001
770.32155489 -0.04252626
770.55802997 -0.03858781
770.79451417 -0.03647992
771.03100749 -0.03541391
771.26750992 -0.03257359
771.50402146 -0.03000941
771.7405421 -0.02787884
771.97707185 -0.03046663
772.2136107 -0.02661632
772.45015865 -0.02793619
772.68671569 -0.02505767
772.92328182 -0.01748242
773.15985704 -0.01260277
773.39644135 -0.01133486
773.63303473 -0.00923369
773.86963719 -0.01051291
774.10624873 -0.01489825
774.34286933 -0.01802685
774.57949901 -0.01893899
774.81613774 -0.0197199
775.05278554 -0.01586926
775.2894424 -0.01727226
775.52610831 -0.01524137
775.76278327 -0.01400026
775.99946728 -0.01151581
776.23616034 -0.01210046
776.47286244 -0.01104537
776.70957357 -0.00930318
776.94629374 -0.01238624
777.18302294 -0.01287892
777.41976117 -0.01339469
777.65650842 -0.01268328
777.8932647 -0.01311321
778.13002999 -0.01318378
778.3668043 -0.00949128
778.60358762 -0.00902806
778.84037995 -0.00592939
779.07718129 -0.0092126
779.31399162 -0.00795391
779.55081096 -0.01018433
779.78763929 -0.01226355
780.02447662 -0.01259914
780.26132293 -0.0110699
780.49817823 -0.01218817
780.73504251 -0.00962075
780.97191577 -0.00969853
781.208798 -0.01038457
781.44568921 -0.01103967
781.68258939 -0.01422637
781.91949853 -0.01605762
782.15641663 -0.01977237
782.3933437 -0.02081501
782.63027972 -0.028795
782.8672247 -0.0271139
783.10417862 -0.02894793
783.34114149 -0.03118035
783.5781133 -0.03300894
783.81509406 -0.03372907
784.05208375 -0.03527142
784.28908237 -0.0341128
784.52608992 -0.03467325
784.7631064 -0.03767391
785.0001318 -0.03793858
785.23716613 -0.03822669
785.47420937 -0.03762504
785.71126152 -0.0389659
785.94832258 -0.03738421
786.18539255 -0.03607944
786.42247143 -0.03829785
786.6595592 -0.03644939
786.89665587 -0.03703346
787.13376144 -0.03718934
787.37087589 -0.03594924
787.60799924 -0.03910041
787.84513147 -0.04166348
788.08227257 -0.04167566
788.31942256 -0.04045095
788.55658142 -0.03471862
788.79374915 -0.03167676
789.03092575 -0.02557611
789.26811121 -0.01910282
789.50530554 -0.01297061
789.74250872 -0.01056566
789.97972076 -0.00679549
790.21694164 -0.00753378
790.45417138 -0.00919709
790.69140996 -0.00479866
790.92865738 -0.00626119
791.16591364 -0.00537816
791.40317874 -0.00573656
791.64045266 -0.00595695
791.87773542 -0.00475046
792.115027 -0.00442023
792.3523274 -0.00312031
792.58963662 -0.00573612
792.82695466 -0.00847926
793.06428151 -0.01054587
793.30161716 -0.01365924
793.53896162 -0.01490497
793.77631489 -0.01753576
794.01367695 -0.01967621
794.25104781 -0.02365005
794.48842746 -0.02710721
794.7258159 -0.02703133
794.96321312 -0.02884669
795.20061913 -0.02753247
795.43803392 -0.02765693
795.67545748 -0.02650952
795.91288982 -0.02657847
796.15033092 -0.02411026
796.38778079 -0.02290769
796.62523942 -0.02219911
796.86270682 -0.01714484
797.10018297 -0.01767682
797.33766787 -0.02135561
797.57516152 -0.01776879
797.81266392 -0.01892003
798.05017506 -0.01998506
798.28769494 -0.02009734
798.52522356 -0.02377922
798.76276091 -0.02241952
799.00030699 -0.02240969
799.2378618 -0.02211962
799.47542533 -0.0232446
799.71299758 -0.02243211
799.95057855 -0.02314325
800.18816824 -0.02363024
800.42576663 -0.02501721
800.66337373 -0.02611938
800.90098953 -0.02481346
801.13861404 -0.02641506
801.37624724 -0.02461293
801.61388913 -0.026478
801.85153972 -0.02963477
802.08919899 -0.0318113
802.32686695 -0.03227856
802.56454359 -0.0341076
802.8022289 -0.03604403
803.03992289 -0.03873849
803.27762555 -0.03906874
803.51533688 -0.04057553
803.75305688 -0.04168725
803.99078553 -0.04068341
804.22852284 -0.03904469
804.46626881 -0.04093027
804.70402343 -0.03681556
804.9417867 -0.03764877
805.17955861 -0.03955736
805.41733916 -0.03576841
805.65512835 -0.03430373
805.89292618 -0.03173522
806.13073264 -0.02826344
806.36854772 -0.02658824
806.60637143 -0.02354436
806.84420377 -0.02490892
807.08204472 -0.02518419
807.31989429 -0.02707501
807.55775247 -0.02584311
807.79561925 -0.0290175
808.03349465 -0.02849433
808.27137864 -0.03151642
808.50927124 -0.03172213
808.74717243 -0.03291506
808.98508221 -0.03416597
809.22300058 -0.03209686
809.46092754 -0.030441
809.69886308 -0.03092145
809.9368072 -0.02879637
810.1747599 -0.02693486
810.41272117 -0.02415492
810.650691 -0.01836913
810.88866941 -0.0151732
811.12665637 -0.01380908
811.3646519 -0.01184072
811.60265598 -0.00910473
811.84066862 -0.00804821
812.0786898 -0.00837634
812.31671954 -0.01028513
812.55475781 -0.01261845
812.79280463 -0.01514538
813.03085998 -0.01791421
813.26892386 -0.01798477
813.50699628 -0.01993649
813.74507722 -0.01863778
813.98316669 -0.01772509
814.22126467 -0.01582696
814.45937117 -0.01511417
814.69748619 -0.0125212
814.93560972 -0.01121796
815.17374175 -0.00898571
815.41188229 -0.00554727
815.65003133 -0.00317633
815.88818886 -0.00296329
816.12635489 -0.00131265
816.36452942 -0.0046006
816.60271242 -0.0053213
816.84090392 -0.00745597
817.07910389 -0.00721222
817.31731234 -0.0083412
817.55552927 -0.00815636
817.79375466 -0.00828157
818.03198853 -0.00842945
818.27023086 -0.00677247
818.50848165 -0.00470295
818.7467409 -0.00384783
818.9850086 -0.004334
819.22328475 -0.00522763
819.46156936 -0.00618565
819.6998624 -0.00753709
819.93816389 -0.00797321
820.17647382 -0.01090112
820.41479218 -0.01450856
820.65311898 -0.01664323
820.8914542 -0.01916736
821.12979785 -0.02125684
821.36814992 -0.02224516
821.60651041 -0.0236033
821.84487931 -0.02632447
822.08325663 -0.02521738
822.32164236 -0.02607061
822.56003649 -0.02484267
822.79843902 -0.02890379
823.03684995 -0.02862014
823.27526928 -0.02916975
823.513697 -0.02875938
823.75213311 -0.02904738
823.9905776 -0.02935242
824.22903048 -0.0272913
824.46749174 -0.02629016
824.70596137 -0.02174609
824.94443938 -0.01592664
825.18292576 -0.01303319
825.4214205 -0.00406999
825.6599236 -0.00213911
825.89843507 -8.701e-05
826.13695489 0.00195966
826.37548306 0.00537951
826.61401959 0.00733326
826.85256446 0.01002183
827.09111767 0.01014721
827.32967923 0.01011088
827.56824912 0.01164557
827.80682734 0.00964949
828.04541389 0.00669526
828.28400878 0.00475226
828.52261198 0.00354899
828.76122351 0.00329073
828.99984335 0.00354678
829.23847151 0.00122533
829.47710797 0.00144218
829.71575275 0.0019013
829.95440582 0.00209378
830.1930672 -4.247e-05
830.43173688 0.00097378
830.67041485 -0.00070917
830.90910111 -0.00150164
831.14779566 -0.0012375
831.38649849 -0.0032318
831.62520961 -0.00295243
831.863929 -0.00102763
832.10265666 0.00060723
832.3413926 0.00580742
832.58013681 0.00449854
832.81888928 0.00503473
833.05765001 0.00622822
833.296419 0.00814499
833.53519624 0.00751309
833.77398174 0.00546187
834.01277548 0.00626977
834.25157747 0.00587341
834.4903877 0.00530119
834.72920617 0.00435002
834.96803288 0.00484903
835.20686781 0.00476319
835.44571098 0.00479303
835.68456237 0.00439298
835.92342198 0.00643487
836.16228981 0.00405104
836.40116586 0.00455803
836.64005012 0.00318257
836.87894258 0.00479963
837.11784326 0.00495997
837.35675213 0.00495571
837.59566921 0.00502266
837.83459448 0.00463055
838.07352794 0.00565181
838.31246959 0.00893953
838.55141943 0.00813045
838.79037745 0.00523627
839.02934365 0.00751895
839.26831803 0.00463393
839.50730058 0.00222948
839.7462913 0.00112408
839.98529019 -0.00241282
840.22429723 -0.00588159
840.46331244 -0.00933786
840.70233581 -0.01175625
840.94136733 -0.01430355
841.18040699 -0.01713559
841.41945481 -0.01770138
841.65851077 -0.01877097
841.89757486 -0.02089245
842.1366471 -0.02521966
842.37572747 -0.02889757
842.61481597 -0.03167562
842.85391259 -0.0366747
843.09301734 -0.03717464
843.33213021 -0.03830296
843.5712512 -0.03930798
843.8103803 -0.03878863
844.04951751 -0.04153823
844.28866283 -0.04022351
844.52781626 -0.03976776
844.76697778 -0.03782459
845.0061474 -0.03524164
845.24532512 -0.03200902
845.48451092 -0.02807718
845.72370482 -0.02410151
845.9629068 -0.01852529
846.20211686 -0.0137309
846.44133499 -0.01074558
846.68056121 -0.01061724
846.91979549 -0.00746477
847.15903784 -0.00945373
847.39828826 -0.01177743
847.63754674 -0.01046968
847.87681327 -0.01587865
848.11608786 -0.01386687
848.3553705 -0.01422
848.5946612 -0.0183261
848.83395993 -0.01942372
849.07326671 -0.01641604
849.31258153 -0.01745504
849.55190438 -0.01615395
849.79123526 -0.01291114
850.03057417 -0.01245714
850.26992111 -0.01229758
850.50927607 -0.01168377
850.74863905 -0.01136133
850.98801004 -0.0103747
851.22738905 -0.0104213
851.46677606 -0.01007211
851.70617108 -0.00703431
851.94557411 -0.00971916
852.18498513 -0.00798697
852.42440415 -0.01142213
852.66383116 -0.00725501
852.90326616 -0.00842833
853.14270915 -0.0080334
853.38216012 -0.00861826
853.62161907 -0.00752817
853.86108599 -0.01032575
854.10056089 -0.01022017
854.34004376 -0.01210323
854.57953459 -0.01504026
854.81903339 -0.01675468
855.05854015 -0.01501704
855.29805486 -0.01779808
855.53757753 -0.01846908
855.77710815 -0.01775517
856.01664671 -0.01864638
856.25619322 -0.01551126
856.49574767 -0.01516662
856.73531005 -0.01457329
856.97488037 -0.01322406
857.21445862 -0.01306612
857.45404479 -0.01191451
857.69363889 -0.00958774
857.93324091 -0.00814298
858.17285085 -0.00822318
858.4124687 -0.01071174
858.65209446 -0.01028415
858.89172813 -0.00892781
859.13136971 -0.00772481
859.37101918 -0.00781429
859.61067655 -0.00814893
859.85034182 -0.00697161
860.09001498 -0.00490208
860.32969602 -0.00440046
860.56938495 -0.00652929
860.80908176 -0.00750626
861.04878645 -0.00628962
861.28849902 -0.010395
861.52821945 -0.01293192
861.76794775 -0.01400783
862.00768392 -0.01518163
862.24742795 -0.01639769
862.48717984 -0.0188843
862.72693958 -0.02016224
862.96670718 -0.01980668
863.20648262 -0.02020739
863.44626591 -0.01980297
863.68605704 -0.02304536
863.925856 -0.02456389
864.16566281 -0.02222373
864.40547744 -0.0247091
864.64529991 -0.02495601
864.8851302 -0.02458313
865.12496831 -0.02508506
865.36481424 -0.02680205
865.60466799 -0.02777678
865.84452955 -0.02680336
866.08439892 -0.02772925
866.32427609 -0.02878066
866.56416107 -0.02950598
866.80405384 -0.02797955
867.04395442 -0.02705431
867.28386278 -0.02181072
867.52377893 -0.02358622
867.76370287 -0.02194071
868.0036346 -0.02087844
868.2435741 -0.0209333
868.48352138 -0.02012312
868.72347643 -0.02106063
868.96343925 -0.02038714
869.20340984 -0.02311061
869.44338819 -0.0263937
869.68337431 -0.02841616
869.92336817 -0.03076605
870.1633698 -0.03022819
870.40337917 -0.03230371
870.64339629 -0.03417391
870.88342115 -0.03196541
871.12345375 -0.0322874
871.36349409 -0.03197616
871.60354216 -0.0314816
871.84359797 -0.03108632
872.0836615 -0.03085
872.32373275 -0.02878647
872.56381173 -0.02998131
872.80389842 -0.0233589
873.04399283 -0.0242498
873.28409495 -0.02128642
873.52420477 -0.0220911
873.7643223 -0.02127215
874.00444753 -0.02110004
874.24458046 -0.01962721
874.48472108 -0.01992195
874.7248694 -0.02000913
874.9650254 -0.02074038
875.20518908 -0.02107529
875.44536045 -0.01881695
875.6855395 -0.01923142
875.92572622 -0.01693811
876.16592061 -0.01494944
876.40612267 -0.01261801
876.64633239 -0.01226913
876.88654978 -0.01204046
877.12677482 -0.01307229
877.36700752 -0.0111524
877.60724787 -0.01234379
877.84749587 -0.01218914
878.08775152 -0.01424946
878.32801481 -0.01495767
878.56828573 -0.01710602
878.80856429 -0.01536185
879.04885049 -0.01734922
879.28914431 -0.01592143
879.52944576 -0.01834433
879.76975483 -0.01742627
880.01007152 -0.01791001
880.25039582 -0.0162216
880.49072774 -0.01702141
880.73106726 -0.01447099
880.9714144 -0.0131931
881.21176913 -0.01190888
881.45213147 -0.01361345
881.6925014 -0.01076825
881.93287892 -0.01072613
882.17326403 -0.01283511
882.41365673 -0.01243559
882.65405701 -0.01166603
882.89446488 -0.01105623
883.13488032 -0.00882675
883.37530333 -0.01051386
883.61573391 -0.00713016
883.85617206 -0.01052
884.09661777 -0.00850028
884.33707104 -0.00784895
884.57753187 -0.00756894
884.81800025 -0.00565524
885.05847618 -0.00426118
885.29895966 -0.00433884
885.53945068 -0.00427635
885.77994924 -0.00262774
886.02045534 -0.00224763
886.26096898 -0.00345376
886.50149014 -0.00499226
886.74201883 -0.00647329
886.98255505 -0.00747055
887.22309878 -0.00966261
887.46365004 -0.01047802
887.7042088 -0.01196605
887.94477508 -0.01244689
888.18534887 -0.01492568
888.42593016 -0.01321075
888.66651895 -0.0139437
888.90711524 -0.0172754
889.14771902 -0.01743049
889.3883303 -0.01598732
889.62894906 -0.01413094
889.86957531 -0.01338554
890.11020904 -0.01287589
890.35085024 -0.0125504
890.59149893 -0.01077757
890.83215508 -0.00939875
891.0728187 -0.00787835
891.31348979 -0.00586611
891.55416834 -0.00534039
891.79485434 -0.0043153
892.03554781 -0.00375595
892.27624872 -0.00675772
892.51695708 -0.00406747
892.75767289 -0.00855948
892.99839614 -0.0079869
893.23912683 -0.00887151
893.47986495 -0.01182939
893.72061051 -0.01337801
893.96136349 -0.01644776
894.2021239 -0.01799518
894.44289174 -0.01945948
894.68366699 -0.02044105
894.92444966 -0.02129001
895.16523974 -0.02127177
895.40603723 -0.0234174
895.64684213 -0.02236194
895.88765442 -0.02406044
896.12847412 -0.02230859
896.36930122 -0.02121613
896.6101357 -0.02045331
896.85097758 -0.01986399
897.09182685 -0.01893851
897.33268349 -0.01578309
897.57354752 -0.01638395
897.81441892 -0.01524747
898.0552977 -0.01409426
898.29618384 -0.01173736
898.53707735 -0.01032058
898.77797823 -0.00742777
899.01888647 -0.00693411
899.25980206 -0.00262515
899.50072501 -0.00221255
899.7416553 0.00032632
899.98259295 0.00159838
900.22353793 0.00084996
900.46449026 0.00247862
900.70544993 0.00243326
900.94641693 0.00431626
901.18739126 0.0058667
901.42837291 0.00468887
901.66936189 0.00568452
901.9103582 0.00617623
902.15136182 0.00567724
902.39237275 0.00577837
902.63339099 0.00462841
902.87441655 0.00412789
903.1154494 0.00096576
903.35648956 0.00278455
903.59753702 0.00030038
903.83859177 0.00030367
904.07965381 -0.00131534
904.32072314 -0.00426106
904.56179975 -0.00632284
904.80288365 -0.00752115
905.04397482 -0.00726684
905.28507327 -0.00694501
905.52617899 -0.00877392
905.76729198 -0.00718752
906.00841223 -0.00856137
906.24953975 -0.00649221
906.49067452 -0.0092703
906.73181655 -0.00999021
906.97296584 -0.01097814
907.21412237 -0.01250685
907.45528614 -0.01318214
907.69645716 -0.01470563
907.93763542 -0.01507746
908.17882091 -0.01787152
908.42001363 -0.01751142
908.66121359 -0.01800572
908.90242077 -0.01848885
909.14363517 -0.01856571
909.38485679 -0.01728516
909.62608563 -0.01834372
909.86732168 -0.01847705
910.10856493 -0.01931508
910.3498154 -0.01793419
910.59107307 -0.01687989
910.83233793 -0.01641989
911.07361 -0.01682744
911.31488926 -0.01626775
911.5561757 -0.01404478
911.79746933 -0.01267194
912.03877015 -0.01197186
912.28007815 -0.01224876
912.52139332 -0.01044494
912.76271566 -0.00962289
913.00404518 -0.01072789
913.24538186 -0.00714871
913.48672571 -0.00498434
913.72807671 -0.00460724
913.96943488 -0.0039492
914.21080019 -0.00241438
914.45217266 -0.00413165
914.69355228 -0.00156872
914.93493903 -0.00246687
915.17633293 -0.00068721
915.41773397 -0.00188585
915.65914214 0.00046525
915.90055744 -6.357e-05
916.14197987 0.00128001
916.38340942 -0.00064486
916.62484609 0.00132007
916.86628988 0.00171916
917.10774079 -0.00047724
917.3491988 -0.00111611
917.59066393 -0.00196601
917.83213616 -0.00242236
918.07361549 -0.00169544
918.31510191 -0.00284336
918.55659544 -0.00237371
918.79809605 3.749e-05
919.03960375 -0.00021163
919.28111854 0.00120639
919.5226404 -0.00039665
919.76416935 0.0022093
920.00570537 0.00131484
920.24724847 0.00132494
920.48879863 0.00185271
920.73035585 0.0013266
920.97192014 0.00196843
921.21349149 0.00370823
921.45506989 0.00376812
921.69665535 0.00554183
921.93824785 0.00614752
922.1798474 0.00716675
922.42145399 0.00658209
922.66306762 0.00933459
922.90468828 0.00889436
923.14631598 0.00895109
923.38795071 0.00953142
923.62959246 0.00985798
923.87124124 0.00997132
924.11289703 0.01034766
924.35455984 0.00877156
924.59622967 0.00986423
924.8379065 0.00845747
925.07959034 0.0088138
925.32128118 0.00838491
925.56297902 0.00623778
925.80468386 0.00699603
926.04639569 0.00628092
926.28811451 0.00632744
926.52984032 0.00667539
926.77157311 0.00641989
927.01331288 0.00535487
927.25505963 0.00546591
927.49681335 0.00450994
927.73857404 0.00558639
927.9803417 0.00401866
928.22211632 0.00328156
928.4638979 0.00342906
928.70568644 0.00223526
928.94748193 0.00091473
929.18928438 0.00250308
929.43109377 0.00284448
929.6729101 0.00047386
929.91473337 0.00235952
930.15656359 0.00077387
930.39840073 0.00108587
930.64024481 0.00133155
930.88209581 -0.00097374
931.12395374 0.00052502
931.36581859 -0.00058003
931.60769036 -0.00023088
931.84956904 -0.00107259
932.09145463 -0.00133862
932.33334713 -0.00295907
932.57524654 -0.00266484
932.81715285 -0.00374157
933.05906605 -0.00401181
933.30098615 -0.00643742
933.54291314 -0.00768185
933.78484702 -0.00960357
934.02678778 -0.00999269
934.26873543 -0.00991566
934.51068995 -0.01130564
934.75265135 -0.01112935
934.99461962 -0.01261967
935.23659476 -0.01153626
935.47857677 -0.01273138
935.72056563 -0.01250311
935.96256136 -0.0119123
936.20456394 -0.01382182
936.44657337 -0.01374276
936.68858965 -0.01203996
936.93061278 -0.01334743
937.17264275 -0.01209892
937.41467956 -0.01232872
937.6567232 -0.01248304
937.89877368 -0.01081578
938.14083099 -0.0105515
938.38289512 -0.00994069
938.62496607 -0.01065274
938.86704385 -0.00928359
939.10912844 -0.00870641
939.35121984 -0.00787696
939.59331805 -0.0070627
939.83542307 -0.00672914
940.07753489 -0.00703252
940.31965351 -0.00583152
940.56177893 -0.00640641
940.80391114 -0.00759041
941.04605014 -0.00562002
941.28819593 -0.00637075
941.5303485 -0.00465164
941.77250785 -0.00568849
942.01467398 -0.00584103
942.25684688 -0.00550117
942.49902655 -0.00526043
942.74121299 -0.00440203
942.98340619 -0.00525645
943.22560615 -0.00474403
943.46781287 -0.00469615
943.71002635 -0.00530565
943.95224657 -0.00548653
944.19447354 -0.00566275
944.43670726 -0.00718432
944.67894771 -0.00605424
944.92119491 -0.00771879
945.16344883 -0.0072668
945.40570949 -0.00697429
945.64797688 -0.00765175
945.89025099 -0.00792208
946.13253182 -0.00702237
946.37481937 -0.00772835
946.61711363 -0.00862545
946.85941461 -0.00959521
947.10172229 -0.00860953
947.34403668 -0.00910301
947.58635776 -0.00990102
947.82868555 -0.01051077
948.07102003 -0.01113903
948.31336121 -0.01009522
948.55570907 -0.00977179
948.79806361 -0.01017963
949.04042484 -0.0103493
949.28279275 -0.01006058
949.52516733 -0.01159307
949.76754858 -0.01161604
950.00993651 -0.01245269
950.25233109 -0.01246244
950.49473234 -0.01209321
950.73714025 -0.01267516
950.97955482 -0.01297023
951.22197603 -0.01211508
951.4644039 -0.01198905
951.70683841 -0.011294
951.94927956 -0.01187015
952.19172736 -0.01179168
952.43418178 -0.01207641
952.67664284 -0.01101669
952.91911053 -0.01145225
953.16158485 -0.01085511
953.40406579 -0.0115969
953.64655335 -0.01183539
953.88904752 -0.01128304
954.13154831 -0.01157081
954.37405571 -0.01244271
954.61656971 -0.01147496
954.85909032 -0.01229721
955.10161752 -0.01133219
955.34415133 -0.01105131
955.58669172 -0.01095591
955.82923871 -0.01072663
956.07179228 -0.01022189
956.31435244 -0.01095533
956.55691917 -0.01122333
956.79949249 -0.01063661
957.04207237 -0.01192279
957.28465883 -0.01129994
957.52725185 -0.01333877
957.76985144 -0.01281451
958.01245759 -0.01120086
958.2550703 -0.01295761
958.49768956 -0.01220374
958.74031537 -0.01265973
958.98294772 -0.01263697
959.22558662 -0.01261654
959.46823207 -0.0128829
959.71088405 -0.01213505
959.95354256 -0.01182528
960.1962076 -0.01241552
960.43887918 -0.01195702
960.68155727 -0.01142071
960.92424189 -0.01205707
961.16693303 -0.01249381
961.40963068 -0.01153825
961.65233484 -0.01233868
961.89504551 -0.0119191
962.13776269 -0.01205118
962.38048636 -0.01172105
962.62321654 -0.01139198
962.86595321 -0.01188294
963.10869637 -0.01080503
963.35144602 -0.01333329
963.59420215 -0.01285476
963.83696477 -0.01253805
964.07973386 -0.01222105
964.32250943 -0.01326818
964.56529147 -0.01128797
964.80807999 -0.01323227
965.05087496 -0.0129203
965.2936764 -0.0121505
965.5364843 -0.0117411
965.77929865 -0.01279759
966.02211946 -0.01198462
966.26494671 -0.01172567
966.50778041 -0.01123716
966.75062055 -0.01121344
966.99346713 -0.00988011
967.23632015 -0.00903795
967.4791796 -0.00873697
967.72204548 -0.00884158
967.96491779 -0.00904172
968.20779651 -0.00867958
968.45068166 -0.00871245
968.69357323 -0.00616601
968.9364712 -0.00632258
969.17937559 -0.00432945
969.42228639 -0.00393082
969.66520358 -0.00289347
969.90812718 -0.0021016
970.15105717 -0.00134815
970.39399356 -0.00103332
970.63693633 -0.00018985
970.8798855 -0.00079803
971.12284104 -5.757e-05
971.36580297 8.325e-05
971.60877128 -0.00032068
971.85174595 -0.00035524
972.094727 -0.00058403
972.33771442 -0.00111462
972.58070819 -0.00112004
972.82370833 -0.00227465
973.06671483 -0.00231726
973.30972768 -0.00229961
973.55274688 -0.00280002
973.79577243 -0.00223793
974.03880433 -0.00299087
974.28184256 -0.00303847
974.52488713 -0.00236002
974.76793804 -0.0041727
975.01099527 -0.00459898
975.25405884 -0.00388226
975.49712873 -0.0049666
975.74020494 -0.00462154
975.98328747 -0.00665515
976.22637631 -0.00541944
976.46947146 -0.0072619
976.71257293 -0.00725518
976.95568069 -0.007492
977.19879476 -0.0092482
977.44191513 -0.00821105
977.68504179 -0.00970532
977.92817475 -0.00979757
978.17131399 -0.01049539
978.41445952 -0.01089486
978.65761133 -0.01098265
978.90076942 -0.01085168
979.14393378 -0.01153053
979.38710441 -0.01220027
979.63028132 -0.01336834
979.87346449 -0.01249007
980.11665392 -0.0120152
980.35984961 -0.01186008
980.60305156 -0.01450263
980.84625976 -0.01431424
981.08947421 -0.01370403
981.3326949 -0.01401286
981.57592184 -0.01357917
981.81915501 -0.01281862
982.06239443 -0.01310407
982.30564007 -0.01347838
982.54889195 -0.01150892
982.79215005 -0.01251827
983.03541437 -0.01244823
983.27868491 -0.01206861
983.52196167 -0.01231455
983.76524464 -0.01167284
984.00853383 -0.01177403
984.25182921 -0.01117239
984.49513081 -0.01106122
984.7384386 -0.01037928
984.98175259 -0.01141656
985.22507277 -0.0104081
985.46839914 -0.00982259
985.7117317 -0.00919969
985.95507044 -0.00898696
986.19841537 -0.00915539
986.44176647 -0.00912273
986.68512374 -0.00781948
986.92848718 -0.00858943
987.1718568 -0.0080562
987.41523257 -0.00744866
987.65861451 -0.0074101
987.9020026 -0.00755274
988.14539685 -0.00916021
988.38879725 -0.0066102
988.63220379 -0.007657
988.87561648 -0.00721798
989.11903531 -0.00696435
989.36246028 -0.00654824
989.60589139 -0.00660454
989.84932862 -0.00566945
990.09277198 -0.00578607
990.33622147 -0.00438995
990.57967708 -0.0042376
990.8231388 -0.00444754
991.06660664 -0.00453077
991.3100806 -0.00413308
991.55356066 -0.003784
991.79704682 -0.00362342
992.04053909 -0.00408888
992.28403745 -0.0021697
992.52754192 -0.003416
992.77105247 -0.00203593
993.01456911 -0.00354269
993.25809183 -0.00204891
993.50162064 -0.00229886
993.74515553 -0.00196423
993.98869649 -0.00099386
994.23224353 -0.00065513
994.47579663 -0.00020459
994.7193558 -0.00081375
994.96292103 0.00085441
995.20649232 -0.00038859
995.45006967 1.649e-05
995.69365307 -0.00043102
995.93724251 0.0013525
996.18083801 0.00042757
996.42443954 0.00033694
996.66804712 -0.0008273
996.91166073 -0.00123366
997.15528038 -0.00162372
997.39890605 -0.00122392
997.64253775 -0.00285221
997.88617547 -0.00341068
998.12981922 -0.0043008
998.37346898 -0.00496252
998.61712475 -0.00641952
998.86078653 -0.00581146
999.10445432 -0.00829385
999.34812812 -0.00734987
999.59180791 -0.00928282
999.8354937 -0.0092749
1000.07918548 -0.00978681
1000.32288325 -0.01000073
1000.56658701 -0.00953758
1000.81029676 -0.00988288
1001.05401248 -0.00966976
1001.29773418 -0.00886726
1001.54146186 -0.00906815
1001.7851955 -0.00838847
1002.02893512 -0.00807134
1002.27268069 -0.00806063
1002.51643223 -0.00774663
1002.76018973 -0.00694389
1003.00395318 -0.00692914
1003.24772258 -0.0058449
1003.49149793 -0.00586749
1003.73527922 -0.00489495
1003.97906645 -0.00394096
1004.22285962 -0.00436669
1004.46665873 -0.00268778
1004.71046376 -0.00219925
1004.95427473 -0.00206465
1005.19809162 -0.00155987
1005.44191443 -0.00114977
1005.68574316 -0.00049701
1005.9295778 0.00038672
1006.17341836 0.00059029
1006.41726482 0.00088278
1006.66111719 0.00049311
1006.90497546 0.00213282
1007.14883963 0.00180192
1007.39270969 0.00282071
1007.63658565 0.00252147
1007.88046749 0.00258955
1008.12435522 0.0014643
1008.36824884 0.00207933
1008.61214833 0.00205549
1008.85605369 0.00212357
1009.09996493 0.0008112
1009.34388204 0.00075613
1009.58780501 7.087e-05
1009.83173385 0.00033256
1010.07566854 4.03e-06
1010.3196091 -0.00097478
1010.5635555 -0.00084989
1010.80750775 -0.00183276
1011.05146585 -0.00146073
1011.29542979 -0.00242348
1011.53939957 -0.00215055
1011.78337519 -0.00231515
1012.02735664 -0.00308742
1012.27134392 -0.00323356
1012.51533702 -0.00340025
1012.75933595 -0.0043187
1013.0033407 -0.00392256
1013.24735127 -0.00391871
1013.49136765 -0.00485142
1013.73538983 -0.00421937
1013.97941783 -0.00541829
1014.22345163 -0.00540767
1014.46749123 -0.00478021
1014.71153662 -0.00622289
1014.95558781 -0.00557681
1015.19964479 -0.00545394
1015.44370756 -0.0050724
1015.68777611 -0.00562615
1015.93185044 -0.00598155
1016.17593055 -0.00433279
1016.42001643 -0.00405567
1016.66410808 -0.00428862
1016.9082055 -0.00418531
1017.15230869 -0.00459974
1017.39641763 -0.00388531
1017.64053233 -0.00282926
1017.88465279 -0.00283024
1018.128779 -0.00252433
1018.37291095 -0.00295715
1018.61704865 -0.00231313
1018.86119209 -0.00200238
1019.10534127 -0.00174074
1019.34949619 -0.0024996
1019.59365683 -0.00163341
1019.8378232 -0.00194592
1020.0819953 -0.0027243
1020.32617312 -0.00256106
1020.57035666 -0.00151816
1020.81454591 -0.0023336
1021.05874087 -0.00190855
1021.30294155 -0.00201216
1021.54714792 -0.00176229
1021.79136 -0.00241959
1022.03557778 -0.00185421
1022.27980125 -0.00175793
1022.52403042 -0.00107172
1022.76826527 -0.00185777
1023.01250581 -0.00075992
1023.25675203 -0.00010733
1023.50100393 0.00018802
1023.74526151 -0.00064476
1023.98952476 3.678e-05
1024.23379367 -1.894e-05
1024.47806826 0.00023218