197.75092074	0.00250579
197.95276100	0.00184642
198.15461887	0.00237039
198.35649434	0.00224313
198.55838743	0.00213728
198.76029811	0.00206084
198.96222640	0.00328833
199.16417227	0.00174860
199.36613574	0.00386058
199.56811680	0.00268802
199.77011545	0.00302968
199.97213167	0.00307931
200.17416547	0.00273891
200.37621685	0.00200322
200.57828581	0.00317707
200.78037233	0.00254189
200.98247641	0.00339151
201.18459806	0.00257006
201.38673727	0.00366889
201.58889403	0.00358444
201.79106835	0.00346927
201.99326021	0.00217071
202.19546962	0.00278042
202.39769657	0.00219757
202.59994106	0.00360598
202.80220309	0.00319450
203.00448265	0.00423045
203.20677974	0.00225657
203.40909436	0.00306453
203.61142650	0.00157706
203.81377616	0.00385508
204.01614334	0.00307664
204.21852802	0.00285287
204.42093022	0.00376401
204.62334993	0.00378825
204.82578714	0.00185182
205.02824185	0.00266656
205.23071405	0.00249900
205.43320375	0.00268407
205.63571094	0.00397988
205.83823561	0.00391279
206.04077777	0.00399447
206.24333741	0.00334196
206.44591453	0.00197917
206.64850912	0.00326955
206.85112118	0.00399312
207.05375071	0.00390207
207.25639770	0.00290377
207.45906215	0.00383374
207.66174406	0.00254861
207.86444343	0.00342764
208.06716024	0.00321196
208.26989450	0.00320259
208.47264621	0.00226450
208.67541536	0.00351888
208.87820194	0.00200993
209.08100596	0.00388863
209.28382742	0.00388597
209.48666630	0.00378155
209.68952260	0.00277241
209.89239632	0.00386984
210.09528747	0.00275773
210.29819603	0.00350548
210.50112199	0.00263703
210.70406537	0.00350940
210.90702615	0.00337545
211.11000434	0.00385385
211.31299992	0.00251514
211.51601290	0.00377221
211.71904327	0.00248967
211.92209103	0.00340758
212.12515617	0.00375197
212.32823870	0.00456946
212.53133860	0.00348260
212.73445588	0.00471414
212.93759053	0.00315430
213.14074255	0.00405630
213.34391194	0.00312752
213.54709869	0.00397315
213.75030280	0.00252985
213.95352426	0.00523539
214.15676308	0.00433501
214.36001924	0.00451318
214.56329275	0.00369439
214.76658361	0.00411252
214.96989180	0.00492582
215.17321733	0.00380958
215.37656019	0.00430134
215.57992038	0.00440059
215.78329790	0.00384841
215.98669274	0.00483475
216.19010490	0.00319329
216.39353438	0.00512821
216.59698117	0.00265586
216.80044527	0.00424517
217.00392668	0.00426920
217.20742539	0.00436041
217.41094140	0.00460416
217.61447471	0.00570976
217.81802531	0.00531182
218.02159320	0.00740366
218.22517838	0.00502645
218.42878084	0.00555298
218.63240058	0.00605158
218.83603760	0.00572190
219.03969190	0.00615476
219.24336346	0.00586265
219.44705229	0.00663045
219.65075839	0.00732865
219.85448174	0.00644431
220.05822236	0.00763149
220.26198022	0.00532391
220.46575534	0.00611047
220.66954771	0.00618155
220.87335732	0.00625521
221.07718417	0.00657544
221.28102826	0.00613328
221.48488958	0.00690525
221.68876814	0.00719596
221.89266392	0.00629676
222.09657693	0.00666660
222.30050716	0.00559590
222.50445461	0.00740634
222.70841927	0.00589735
222.91240114	0.00846362
223.11640023	0.00705529
223.32041651	0.00817152
223.52445000	0.00755652
223.72850069	0.00881488
223.93256857	0.00870494
224.13665365	0.00912432
224.34075591	0.00897019
224.54487536	0.01023257
224.74901199	0.01026865
224.95316580	0.01167580
225.15733679	0.01076722
225.36152494	0.01203757
225.56573027	0.01114920
225.76995276	0.01411470
225.97419242	0.01285639
226.17844923	0.01363361
226.38272320	0.01327848
226.58701432	0.01563834
226.79132259	0.01330123
226.99564801	0.01415081
227.19999057	0.01485581
227.40435027	0.01538380
227.60872711	0.01556999
227.81312108	0.01544000
228.01753218	0.01403966
228.22196040	0.01562902
228.42640575	0.01445376
228.63086822	0.01404501
228.83534780	0.01579236
229.03984450	0.01652684
229.24435831	0.01628563
229.44888922	0.01656440
229.65343724	0.01582463
229.85800236	0.01830099
230.06258457	0.01829431
230.26718388	0.01938521
230.47180028	0.02100679
230.67643377	0.02136579
230.88108434	0.02086053
231.08575199	0.02285201
231.29043671	0.02387033
231.49513852	0.02440776
231.69985739	0.02448013
231.90459333	0.02714279
232.10934633	0.02734641
232.31411640	0.02845477
232.51890352	0.02751525
232.72370770	0.02861157
232.92852892	0.02889286
233.13336720	0.03056134
233.33822252	0.02949734
233.54309488	0.03246698
233.74798428	0.03160245
233.95289071	0.03218817
234.15781417	0.03196311
234.36275467	0.03188932
234.56771218	0.03155976
234.77268672	0.03302149
234.97767828	0.03161319
235.18268685	0.03173129
235.38771244	0.03039112
235.59275503	0.03209571
235.79781463	0.03135330
236.00289123	0.03097938
236.20798482	0.02954822
236.41309542	0.03044743
236.61822300	0.02965813
236.82336758	0.03033742
237.02852914	0.03035092
237.23370768	0.03221889
237.43890320	0.03127967
237.64411569	0.03299354
237.84934516	0.03294942
238.05459160	0.03432416
238.25985500	0.03565084
238.46513537	0.03743192
238.67043269	0.03778420
238.87574697	0.03938962
239.08107821	0.04020447
239.28642639	0.04243959
239.49179152	0.04171185
239.69717359	0.04344076
239.90257260	0.04407322
240.10798855	0.04525103
240.31342143	0.04661773
240.51887124	0.04747548
240.72433798	0.04697717
240.92982164	0.04721971
241.13532222	0.04666333
241.34083972	0.04839888
241.54637413	0.04737374
241.75192545	0.04763384
241.95749368	0.04576169
242.16307881	0.04684033
242.36868084	0.04551365
242.57429977	0.04526453
242.77993559	0.04273303
242.98558830	0.04322892
243.19125790	0.04120943
243.39694438	0.04249861
243.60264775	0.04031834
243.80836799	0.04101657
244.01410510	0.03811668
244.21985909	0.03845560
244.42562994	0.03813406
244.63141766	0.03810585
244.83722224	0.03901304
245.04304367	0.03879056
245.24888196	0.03679657
245.45473711	0.03711287
245.66060909	0.03754967
245.86649793	0.03842216
246.07240360	0.03840458
246.27832612	0.03923685
246.48426546	0.03860976
246.69022164	0.03943116
246.89619465	0.03999391
247.10218448	0.04176830
247.30819114	0.04010526
247.51421461	0.04206558
247.72025490	0.04226546
247.92631200	0.04296474
248.13238590	0.04334541
248.33847662	0.04492416
248.54458413	0.04712052
248.75070844	0.04625480
248.95684955	0.04811065
249.16300745	0.04837889
249.36918214	0.04739781
249.57537362	0.04810411
249.78158188	0.04721827
249.98780691	0.04748369
250.19404872	0.04733742
250.40030731	0.04471772
250.60658266	0.04475387
250.81287478	0.04366313
251.01918366	0.04421252
251.22550931	0.04264194
251.43185170	0.03990288
251.63821085	0.03940301
251.84458675	0.03764212
252.05097940	0.03828413
252.25738879	0.03650040
252.46381492	0.03551549
252.67025778	0.03451313
252.87671738	0.03462045
253.08319371	0.03302292
253.28968676	0.03392351
253.49619654	0.03058811
253.70272304	0.03203945
253.90926625	0.03145249
254.11582618	0.03259417
254.32240282	0.03237300
254.52899617	0.03194836
254.73560622	0.03248435
254.94223296	0.03353495
255.14887641	0.03300693
255.35553655	0.03453869
255.56221338	0.03349875
255.76890690	0.03446347
255.97561710	0.03450374
256.18234398	0.03568159
256.38908754	0.03441808
256.59584778	0.03552223
256.80262468	0.03600996
257.00941825	0.03767301
257.21622849	0.03689572
257.42305539	0.03775480
257.62989894	0.03750818
257.83675915	0.03841009
258.04363601	0.03881480
258.25052952	0.03854816
258.45743968	0.03838454
258.66436647	0.03926894
258.87130990	0.03801475
259.07826997	0.03913503
259.28524667	0.03918200
259.49224000	0.03696270
259.69924995	0.03665587
259.90627652	0.03619898
260.11331972	0.03470477
260.32037952	0.03515641
260.52745594	0.03198179
260.73454897	0.03210367
260.94165860	0.03046080
261.14878484	0.03073272
261.35592767	0.02892376
261.56308710	0.02847603
261.77026313	0.02710386
261.97745574	0.02720044
262.18466493	0.02670199
262.39189071	0.02754751
262.59913307	0.02613898
262.80639200	0.02627573
263.01366751	0.02537527
263.22095958	0.02463816
263.42826823	0.02410351
263.63559343	0.02460210
263.84293519	0.02570230
264.05029351	0.02568743
264.25766838	0.02432190
264.46505981	0.02602664
264.67246777	0.02469050
264.87989229	0.02491692
265.08733334	0.02483106
265.29479092	0.02651964
265.50226505	0.02580263
265.70975570	0.02685204
265.91726287	0.02701288
266.12478657	0.02643792
266.33232679	0.02723384
266.53988353	0.02772428
266.74745678	0.02520509
266.95504654	0.02911667
267.16265281	0.02695509
267.37027559	0.02681313
267.57791486	0.02644066
267.78557063	0.02674891
267.99324289	0.02542873
268.20093165	0.02538875
268.40863689	0.02593400
268.61635861	0.02561096
268.82409682	0.02462622
269.03185150	0.02487402
269.23962266	0.02393057
269.44741029	0.02271125
269.65521439	0.02184021
269.86303495	0.02155468
270.07087197	0.02058450
270.27872545	0.02630122
270.48659538	0.01860122
270.69448177	0.01966654
270.90238460	0.01887460
271.11030388	0.01771138
271.31823960	0.01624944
271.52619176	0.01652682
271.73416035	0.01576302
271.94214537	0.01628160
272.15014683	0.01496030
272.35816470	0.01430767
272.56619900	0.01421254
272.77424972	0.01469893
272.98231686	0.01311095
273.19040040	0.01489190
273.39850035	0.01406247
273.60661671	0.01297035
273.81474948	0.01379311
274.02289864	0.02396019
274.23106419	0.01352644
274.43924614	0.01380924
274.64744448	0.01247171
274.85565920	0.01377038
275.06389030	0.01293949
275.27213779	0.01399003
275.48040165	0.01324902
275.68868188	0.01416702
275.89697848	0.01257770
276.10529145	0.01361216
276.31362078	0.01336965
276.52196647	0.01329319
276.73032852	0.01315249
276.93870692	0.01363625
277.14710167	0.01393509
277.35551276	0.01339779
277.56394020	0.01282150
277.77238398	0.01346343
277.98084410	0.01272234
278.18932055	0.01366989
278.39781332	0.01319149
278.60632243	0.01298372
278.81484786	0.01293947
279.02338961	0.01362148
279.23194767	0.01179368
279.44052205	0.01367124
279.64911274	0.01253210
279.85771974	0.01291132
280.06634304	0.01167719
280.27498264	0.01237926
280.48363854	0.01121217
280.69231073	0.01134752
280.90099921	0.01016820
281.10970399	0.01115442
281.31842504	0.00948748
281.52716238	0.01002752
281.73591599	0.00876776
281.94468588	0.00952356
282.15347203	0.00910292
282.36227446	0.00851061
282.57109315	0.00756848
282.77992810	0.00944322
282.98877931	0.00771586
283.19764678	0.00839674
283.40653049	0.00733669
283.61543045	0.00728177
283.82434666	0.00582240
284.03327911	0.00784728
284.24222780	0.00739574
284.45119272	0.00898764
284.66017388	0.00649246
284.86917126	0.00730181
285.07818487	0.00689313
285.28721470	0.00700169
285.49626075	0.00697356
285.70532301	0.00679526
285.91440149	0.00646436
286.12349618	0.00860035
286.33260707	0.00697496
286.54173416	0.00764484
286.75087745	0.00637456
286.96003694	0.00930117
287.16921262	0.00652192
287.37840449	0.00811135
287.58761254	0.00746928
287.79683678	0.00852399
288.00607719	0.00666523
288.21533378	0.00860704
288.42460655	0.00749083
288.63389548	0.00970195
288.84320058	0.00823987
289.05252185	0.00852531
289.26185927	0.00890188
289.47121285	0.00953699
289.68058258	0.00843956
289.88996846	0.00867821
290.09937049	0.00822915
290.30878866	0.01053807
290.51822298	0.00867549
290.72767342	0.01141720
290.93714001	0.00876922
291.14662272	0.00954906
291.35612156	0.00839259
291.56563652	0.01065743
291.77516760	0.00843420
291.98471480	0.00997522
292.19427811	0.00835914
292.40385754	0.00922754
292.61345307	0.00935615
292.82306470	0.01013875
293.03269244	0.00993250
293.24233627	0.00971263
293.45199620	0.00864329
293.66167221	0.00799196
293.87136432	0.00855205
294.08107251	0.00865264
294.29079678	0.00694002
294.50053712	0.00829088
294.71029355	0.00781509
294.92006604	0.00872238
295.12985460	0.00876108
295.33965922	0.00792634
295.54947991	0.00852797
295.75931666	0.00857629
295.96916946	0.00841140
296.17903831	0.00836177
296.38892320	0.00766232
296.59882415	0.00854548
296.80874113	0.00761681
297.01867416	0.00999272
297.22862322	0.00770245
297.43858831	0.00791694
297.64856943	0.00953034
297.85856657	0.00877730
298.06857974	0.00875041
298.27860892	0.00904795
298.48865412	0.00943935
298.69871533	0.00983323
298.90879256	0.00901848
299.11888578	0.01069357
299.32899501	0.00942050
299.53912024	0.00996187
299.74926146	0.01000877
299.95941868	0.01101380
300.16959189	0.01079674
300.37978108	0.01183663
300.58998625	0.01222518
300.80020740	0.01208988
301.01044453	0.01253871
301.22069764	0.01467078
301.43096671	0.01276789
301.64125175	0.01625344
301.85155275	0.01502859
302.06186971	0.01522559
302.27220262	0.01424867
302.48255149	0.01698643
302.69291631	0.01522433
302.90329708	0.01744468
303.11369379	0.01698508
303.32410644	0.01876602
303.53453503	0.01698775
303.74497955	0.01846054
303.95544000	0.01711108
304.16591637	0.01869092
304.37640867	0.01911847
304.58691690	0.01911187
304.79744103	0.02029918
305.00798109	0.01947092
305.21853705	0.01906618
305.42910892	0.02017308
305.63969669	0.01844303
305.85030037	0.02027103
306.06091994	0.02079759
306.27155540	0.02078423
306.48220676	0.02106027
306.69287400	0.02017176
306.90355713	0.01962233
307.11425614	0.02017183
307.32497103	0.02166333
307.53570179	0.02218188
307.74644842	0.02017722
307.95721093	0.02014360
308.16798929	0.01979521
308.37878352	0.02223823
308.58959360	0.02076941
308.80041954	0.02183881
309.01126133	0.02156002
309.22211897	0.02271791
309.43299246	0.02235745
309.64388178	0.02398568
309.85478695	0.02342139
310.06570795	0.02660944
310.27664478	0.02404729
310.48759744	0.02548645
310.69856593	0.02587636
310.90955023	0.02876027
311.12055036	0.02822568
311.33156630	0.02875753
311.54259806	0.02997033
311.75364562	0.03025574
311.96470899	0.03024373
312.17578816	0.03158780
312.38688313	0.03210235
312.59799389	0.03322657
312.80912045	0.03335255
313.02026280	0.03489914
313.23142093	0.03475312
313.44259485	0.03639191
313.65378455	0.03863382
313.86499002	0.03904392
314.07621126	0.03990020
314.28744828	0.04072716
314.49870106	0.04246103
314.70996960	0.04418299
314.92125390	0.04489598
315.13255396	0.04601085
315.34386978	0.04868691
315.55520134	0.04922576
315.76654865	0.05109775
315.97791170	0.05213775
316.18929050	0.05064074
316.40068503	0.05448946
316.61209529	0.05245658
316.82352128	0.05375649
317.03496301	0.05516614
317.24642045	0.05497877
317.45789362	0.05604937
317.66938250	0.05731562
317.88088709	0.05674066
318.09240740	0.05970749
318.30394341	0.05989384
318.51549513	0.06054519
318.72706255	0.06085337
318.93864567	0.06233159
319.15024448	0.06266908
319.36185898	0.06323209
319.57348917	0.06259404
319.78513504	0.06354978
319.99679660	0.06324404
320.20847383	0.06466205
320.42016674	0.06543520
320.63187531	0.06628060
320.84359956	0.06451852
321.05533947	0.06540966
321.26709504	0.06511750
321.47886627	0.06500503
321.69065316	0.06521927
321.90245570	0.06538815
322.11427388	0.06480656
322.32610771	0.06485621
322.53795719	0.06475157
322.74982230	0.06393554
322.96170304	0.06416601
323.17359942	0.06279114
323.38551143	0.06279520
323.59743906	0.06342898
323.80938231	0.06143229
324.02134119	0.06341309
324.23331567	0.06119779
324.44530578	0.06096466
324.65731149	0.06125271
324.86933280	0.06115770
325.08136972	0.06189456
325.29342224	0.06271611
325.50549035	0.06195634
325.71757406	0.06410167
325.92967335	0.06454264
326.14178823	0.06439921
326.35391870	0.06601001
326.56606474	0.06673627
326.77822636	0.06705261
326.99040355	0.06798527
327.20259631	0.06945937
327.41480464	0.07086362
327.62702853	0.07237795
327.83926799	0.07329733
328.05152299	0.07350492
328.26379356	0.07692610
328.47607967	0.07779989
328.68838133	0.07847528
328.90069853	0.07909816
329.11303127	0.08171828
329.32537955	0.08349117
329.53774336	0.08595406
329.75012270	0.08702076
329.96251757	0.08888199
330.17492797	0.09076093
330.38735388	0.09436563
330.59979531	0.09513773
330.81225226	0.09764489
331.02472471	0.09937232
331.23721268	0.10191146
331.44971615	0.10275575
331.66223511	0.10718886
331.87476958	0.10679732
332.08731954	0.10975357
332.29988499	0.11113395
332.51246593	0.11463946
332.72506236	0.11462627
332.93767426	0.11854316
333.15030164	0.11966463
333.36294450	0.12081590
333.57560283	0.12259550
333.78827663	0.12607967
334.00096589	0.12462170
334.21367061	0.12644823
334.42639079	0.12768633
334.63912643	0.12842733
334.85187752	0.12704326
335.06464405	0.12803210
335.27742604	0.12829209
335.49022346	0.12964001
335.70303632	0.12905845
335.91586462	0.12904388
336.12870835	0.12799307
336.34156751	0.12891135
336.55444209	0.12713692
336.76733210	0.12792210
336.98023752	0.12545517
337.19315836	0.12586380
337.40609462	0.12478107
337.61904628	0.12682458
337.83201335	0.12393154
338.04499582	0.12397703
338.25799369	0.12243873
338.47100695	0.12163467
338.68403561	0.11998528
338.89707966	0.12237564
339.11013909	0.11884571
339.32321391	0.11968898
339.53630411	0.11770688
339.74940968	0.11500274
339.96253062	0.11563506
340.17566694	0.11717753
340.38881862	0.11441978
340.60198567	0.11507489
340.81516807	0.11561247
341.02836583	0.11653042
341.24157895	0.11528541
341.45480741	0.11690157
341.66805123	0.11758352
341.88131038	0.11977195
342.09458488	0.11826574
342.30787471	0.11979884
342.52117988	0.11957626
342.73450038	0.12026923
342.94783620	0.12110394
343.16118735	0.12174459
343.37455382	0.12288907
343.58793560	0.12349998
343.80133270	0.12477570
344.01474511	0.12761660
344.22817283	0.12648028
344.44161586	0.12936814
344.65507418	0.13029419
344.86854780	0.13321137
345.08203672	0.13591143
345.29554092	0.13949513
345.50906042	0.13985938
345.72259520	0.14328061
345.93614526	0.14591789
346.14971060	0.14794524
346.36329121	0.15030120
346.57688709	0.15278015
346.79049825	0.15657265
347.00412466	0.15642656
347.21776634	0.15690228
347.43142328	0.16071478
347.64509547	0.16249316
347.85878292	0.16462125
348.07248561	0.16718898
348.28620355	0.17027096
348.49993673	0.17344539
348.71368515	0.17714931
348.92744880	0.17909779
349.14122769	0.18150986
349.35502181	0.18390611
349.56883115	0.18706059
349.78265571	0.18940423
349.99649549	0.19051635
350.21035049	0.18991220
350.42422070	0.19377699
350.63810612	0.19430081
350.85200675	0.19701192
351.06592257	0.19623451
351.27985360	0.19829580
351.49379982	0.19792290
351.70776124	0.19859590
351.92173785	0.19932056
352.13572964	0.20089655
352.34973661	0.20060988
352.56375877	0.19965986
352.77779610	0.19893999
352.99184860	0.20016784
353.20591628	0.19987550
353.41999912	0.20041166
353.63409712	0.19635393
353.84821029	0.19626959
354.06233861	0.19460242
354.27648208	0.19361602
354.49064071	0.19014524
354.70481448	0.18847580
354.91900339	0.18584244
355.13320745	0.18319975
355.34742664	0.18168960
355.56166097	0.18026235
355.77591042	0.17914609
355.99017501	0.17581735
356.20445471	0.17277304
356.41874954	0.17234392
356.63305949	0.17079071
356.84738455	0.17021724
357.06172472	0.16633246
357.27608000	0.16874330
357.49045038	0.16568099
357.70483587	0.16373821
357.91923645	0.16328641
358.13365212	0.16301057
358.34808289	0.16180173
358.56252875	0.16111165
358.77698969	0.15847701
358.99146571	0.15995764
359.20595681	0.15850380
359.42046298	0.15568554
359.63498423	0.15375317
359.84952054	0.15349042
360.06407192	0.15134108
360.27863836	0.15276824
360.49321986	0.15153806
360.70781642	0.15345589
360.92242802	0.15250034
361.13705468	0.15214798
361.35169638	0.15413394
361.56635312	0.15434562
361.78102490	0.15384551
361.99571172	0.15566398
362.21041356	0.15560098
362.42513044	0.15632501
362.63986235	0.15817559
362.85460927	0.16030465
363.06937122	0.16075610
363.28414818	0.16596523
363.49894015	0.16659232
363.71374713	0.17175293
363.92856912	0.17513393
364.14340611	0.17968880
364.35825810	0.18136279
364.57312509	0.18474198
364.78800707	0.18647621
365.00290404	0.19163673
365.21781599	0.19597330
365.43274293	0.19974943
365.64768485	0.20264649
365.86264174	0.20584966
366.07761361	0.20904024
366.29260045	0.21224802
366.50760225	0.21477322
366.72261902	0.21651906
366.93765075	0.22022039
367.15269743	0.22368725
367.36775907	0.22918792
367.58283566	0.23363458
367.79792720	0.23418255
368.01303368	0.23681440
368.22815510	0.23836611
368.44329145	0.24669992
368.65844275	0.24851064
368.87360897	0.24669200
369.08879012	0.23710920
369.30398619	0.22778637
369.51919718	0.21700145
369.73442309	0.20987635
369.94966392	0.21579143
370.16491966	0.22085943
370.38019030	0.21817011
370.59547585	0.22189138
370.81077630	0.22236285
371.02609165	0.22595691
371.24142189	0.22978985
371.45676702	0.23629018
371.67212704	0.23958979
371.88750195	0.24529702
372.10289174	0.24631141
372.31829640	0.24689935
372.53371594	0.25726908
372.74915035	0.27304702
372.96459963	0.28531130
373.18006378	0.30083611
373.39554279	0.30335667
373.61103665	0.30272818
373.82654537	0.30086704
374.04206895	0.30174282
374.25760737	0.29793584
374.47316064	0.29391699
374.68872875	0.28870837
374.90431169	0.28296218
375.11990948	0.27787790
375.33552209	0.26873215
375.55114954	0.26793585
375.76679181	0.26602774
375.98244890	0.26488858
376.19812082	0.26469437
376.41380754	0.26339841
376.62950909	0.26404428
376.84522544	0.26361968
377.06095659	0.26693790
377.27670255	0.27074179
377.49246331	0.27298943
377.70823887	0.26975684
377.92402921	0.26970735
378.13983435	0.26542071
378.35565428	0.26645649
378.57148898	0.26758862
378.78733847	0.26733025
379.00320273	0.26913936
379.21908177	0.26715732
379.43497558	0.26522088
379.65088415	0.26445584
379.86680749	0.26204520
380.08274559	0.26295079
380.29869844	0.26266945
380.51466605	0.26572367
380.73064841	0.26798546
380.94664551	0.26760381
381.16265736	0.26603030
381.37868395	0.26721359
381.59472528	0.26642966
381.81078134	0.26877624
382.02685213	0.27115198
382.24293765	0.27325855
382.45903789	0.27641194
382.67515286	0.27902240
382.89128254	0.28257760
383.10742693	0.28444140
383.32358604	0.28693390
383.53975986	0.29129462
383.75594838	0.29244305
383.97215160	0.29409785
384.18836952	0.29527867
384.40460213	0.29943275
384.62084943	0.30120301
384.83711143	0.30642683
385.05338810	0.31117711
385.26967946	0.31714159
385.48598550	0.32365567
385.70230621	0.32720295
385.91864159	0.33419009
386.13499165	0.34259893
386.35135636	0.34770181
386.56773574	0.35611077
386.78412978	0.36087869
387.00053848	0.37026425
387.21696182	0.37115698
387.43339981	0.37220088
387.64985245	0.37333693
387.86631974	0.37390811
388.08280166	0.37945319
388.29929821	0.38522509
388.51580940	0.38907861
388.73233522	0.39679371
388.94887566	0.40249588
389.16543073	0.40714846
389.38200042	0.41166033
389.59858472	0.41708242
389.81518363	0.42270495
390.03179716	0.43090892
390.24842529	0.44102101
390.46506802	0.45122454
390.68172535	0.46307460
390.89839728	0.48184211
391.11508380	0.50120845
391.33178491	0.50729110
391.54850061	0.50152199
391.76523089	0.49365871
391.98197575	0.48500464
392.19873519	0.47845056
392.41550920	0.48007996
392.63229778	0.48329163
392.84910093	0.48930995
393.06591864	0.49425907
393.28275092	0.49388119
393.49959774	0.49291217
393.71645913	0.48990387
393.93333506	0.49001504
394.15022554	0.49010632
394.36713057	0.49074538
394.58405013	0.49033947
394.80098423	0.49155079
395.01793287	0.48862283
395.23489604	0.48592659
395.45187373	0.48602191
395.66886595	0.49287441
395.88587269	0.49361031
396.10289395	0.49713606
396.31992972	0.50434459
396.53698000	0.51932098
396.75404479	0.52856185
396.97112409	0.52394671
397.18821788	0.51269041
397.40532618	0.50066068
397.62244897	0.48827054
397.83958625	0.48528612
398.05673802	0.48335517
398.27390427	0.47587901
398.49108501	0.46452174
398.70828022	0.45887220
398.92548991	0.45342324
399.14271407	0.45632744
399.35995270	0.45039631
399.57720580	0.44615868
399.79447335	0.43784225
400.01175537	0.43156827
400.22905184	0.42926186
400.44636276	0.42844052
400.66368813	0.42502486
400.88102795	0.42854945
401.09838221	0.42552735
401.31575091	0.42327992
401.53313404	0.41600759
401.75053161	0.41559868
401.96794361	0.41203837
402.18537003	0.41065920
402.40281087	0.40730245
402.62026614	0.40933525
402.83773582	0.41165345
403.05521991	0.41332071
403.27271841	0.41608655
403.49023132	0.42205926
403.70775863	0.42812064
403.92530034	0.42478232
404.14285645	0.41951844
404.36042695	0.41396796
404.57801184	0.40444525
404.79561112	0.40040097
405.01322478	0.39916678
405.23085282	0.39923539
405.44849524	0.39866030
405.66615203	0.40081658
405.88382319	0.40285740
406.10150872	0.40858348
406.31920861	0.41815445
406.53692286	0.42872477
406.75465147	0.43404877
406.97239443	0.43528706
407.19015175	0.43558974
407.40792341	0.43358750
407.62570941	0.43356891
407.84350976	0.43479890
408.06132444	0.43704109
408.27915346	0.43614994
408.49699680	0.43802745
408.71485448	0.44037916
408.93272648	0.44433651
409.15061280	0.44607153
409.36851344	0.45283773
409.58642839	0.45396487
409.80435766	0.45609279
410.02230123	0.45844061
410.24025911	0.46892919
410.45823128	0.47918442
410.67621776	0.48909467
410.89421853	0.48873130
411.11223359	0.49247281
411.33026294	0.49892933
411.54830658	0.50915403
411.76636450	0.51640226
411.98443669	0.51767269
412.20252317	0.51927808
412.42062391	0.52049043
412.63873892	0.52237784
412.85686820	0.52208430
413.07501174	0.52349085
413.29316953	0.52873895
413.51134159	0.53048754
413.72952789	0.52988602
413.94772845	0.53799345
414.16594325	0.54625593
414.38417229	0.55101485
414.60241557	0.55385836
414.82067309	0.55359969
415.03894484	0.55640697
415.25723082	0.56069281
415.47553102	0.56764468
415.69384545	0.56863567
415.91217410	0.56790186
416.13051696	0.57071776
416.34887404	0.57412235
416.56724533	0.57480217
416.78563082	0.57753210
417.00403052	0.57764864
417.22244441	0.57770245
417.44087250	0.57809759
417.65931479	0.58011841
417.87777126	0.58057407
418.09624192	0.57793705
418.31472677	0.58328882
418.53322579	0.58945574
418.75173900	0.59389533
418.97026637	0.59978768
419.18880792	0.61161528
419.40736363	0.62413625
419.62593351	0.64068356
419.84451755	0.64416815
420.06311574	0.63562782
420.28172809	0.62064442
420.50035459	0.60933149
420.71899523	0.60240851
420.93765002	0.59367995
421.15631895	0.58660683
421.37500202	0.57953937
421.59369923	0.56934958
421.81241056	0.55577096
422.03113602	0.54809742
422.24987561	0.53840616
422.46862931	0.53874369
422.68739714	0.54802120
422.90617908	0.55944094
423.12497513	0.55121734
423.34378529	0.54000200
423.56260955	0.52501213
423.78144792	0.51227734
424.00030038	0.49340549
424.21916694	0.48559681
424.43804759	0.48267441
424.65694232	0.48031456
424.87585115	0.47379907
425.09477405	0.47179165
425.31371104	0.47979601
425.53266210	0.48750245
425.75162723	0.47874248
425.97060643	0.46954807
426.18959969	0.46536044
426.40860702	0.46764794
426.62762840	0.46820843
426.84666384	0.46763576
427.06571334	0.46334504
427.28477688	0.46829945
427.50385447	0.48374081
427.72294610	0.49479791
427.94205177	0.49578245
428.16117148	0.49590609
428.38030521	0.49628784
428.59945298	0.50146494
428.81861478	0.50161891
429.03779059	0.48961719
429.25698043	0.47868626
429.47618428	0.47195122
429.69540215	0.45878223
429.91463402	0.43845895
430.13387991	0.42526064
430.35313979	0.42882370
430.57241368	0.43285078
430.79170156	0.43244735
431.01100343	0.42651228
431.23031930	0.42240372
431.44964915	0.41859390
431.66899298	0.42465341
431.88835080	0.42496029
432.10772259	0.42265423
432.32710836	0.41321352
432.54650809	0.41898651
432.76592180	0.41985775
432.98534946	0.42581948
433.20479109	0.42679887
433.42424667	0.43002702
433.64371621	0.43310148
433.86319970	0.43013712
434.08269714	0.42712990
434.30220852	0.45569049
434.52173384	0.48394735
434.74127310	0.48606597
434.96082630	0.46173565
435.18039342	0.44843155
435.39997448	0.44259951
435.61956945	0.44650317
435.83917835	0.44752451
436.05880117	0.45333515
436.27843790	0.46169524
436.49808854	0.47259417
436.71775309	0.47638551
436.93743155	0.47649527
437.15712390	0.47553292
437.37683016	0.47373346
437.59655031	0.46922557
437.81628435	0.47176465
438.03603228	0.46746834
438.25579410	0.46874851
438.47556979	0.46709986
438.69535937	0.47175112
438.91516282	0.48578320
439.13498015	0.50494455
439.35481134	0.52239232
439.57465640	0.52212839
439.79451532	0.51320214
440.01438809	0.51414701
440.23427473	0.51825658
440.45417522	0.52243150
440.67408955	0.52258543
440.89401773	0.52768182
441.11395976	0.54085169
441.33391562	0.54913480
441.55388532	0.56181971
441.77386885	0.56631257
441.99386622	0.55737891
442.21387740	0.55063147
442.43390242	0.55860344
442.65394125	0.56148343
442.87399389	0.55697155
443.09406035	0.56363558
443.31414062	0.57695434
443.53423470	0.58260824
443.75434258	0.57068400
443.97446426	0.56790368
444.19459974	0.58717087
444.41474900	0.60788302
444.63491206	0.61206236
444.85508891	0.60876872
445.07527954	0.60097884
445.29548395	0.59036059
445.51570214	0.58538612
445.73593410	0.60457947
445.95617983	0.61993831
446.17643933	0.61193900
446.39671259	0.58998613
446.61699962	0.57869629
446.83730040	0.58678774
447.05761493	0.59979854
447.27794322	0.59217358
447.49828525	0.57876335
447.71864103	0.58166590
447.93901055	0.58978935
448.15939380	0.58292032
448.37979079	0.57766865
448.60020152	0.58102436
448.82062596	0.59174984
449.04106414	0.58393326
449.26151603	0.57126972
449.48198165	0.55320195
449.70246098	0.56109468
449.92295401	0.56898885
450.14346076	0.56474356
450.36398122	0.54654007
450.58451537	0.54365811
450.80506322	0.54638988
451.02562477	0.54234187
451.24620001	0.52448811
451.46678894	0.50913656
451.68739155	0.51145312
451.90800785	0.51791738
452.12863782	0.50595787
452.34928147	0.49395219
452.56993879	0.48349815
452.79060978	0.48169725
453.01129444	0.48771824
453.23199276	0.49056603
453.45270473	0.48906515
453.67343037	0.48158709
453.89416965	0.47511355
454.11492259	0.46900551
454.33568917	0.46315230
454.55646939	0.45343006
454.77726325	0.45464134
454.99807075	0.46793750
455.21889188	0.47045170
455.43972665	0.46006477
455.66057503	0.45021619
455.88143704	0.45386593
456.10231267	0.45449290
456.32320192	0.44931475
456.54410478	0.43800061
456.76502125	0.43931362
456.98595133	0.43787446
457.20689500	0.42967181
457.42785228	0.42401852
457.64882316	0.43190326
457.86980763	0.43793618
458.09080569	0.43623051
458.31181734	0.42298530
458.53284257	0.42869511
458.75388138	0.43555676
458.97493377	0.44229535
459.19599973	0.44705000
459.41707926	0.45219997
459.63817236	0.44106540
459.85927902	0.41551182
460.08039925	0.39501007
460.30153303	0.38246827
460.52268037	0.38348702
460.74384125	0.38809521
460.96501569	0.38548896
461.18620367	0.37679444
461.40740519	0.38090057
461.62862024	0.39239170
461.84984884	0.39256184
462.07109096	0.38881372
462.29234661	0.39827058
462.51361579	0.39902488
462.73489849	0.41579177
462.95619470	0.42214756
463.17750443	0.41961631
463.39882767	0.42399145
463.62016442	0.45496970
463.84151468	0.48116138
464.06287844	0.46209507
464.28425569	0.42077572
464.50564644	0.40337614
464.72705068	0.39520427
464.94846841	0.39177903
465.16989963	0.38909627
465.39134433	0.38763970
465.61280251	0.38616982
465.83427416	0.39573893
466.05575928	0.40779527
466.27725788	0.41342655
466.49876994	0.40554425
466.72029546	0.40537533
466.94183444	0.39992004
467.16338688	0.39502584
467.38495277	0.39512264
467.60653211	0.39596824
467.82812489	0.39113876
468.04973112	0.39065238
468.27135078	0.39315020
468.49298389	0.39799707
468.71463042	0.39737142
468.93629039	0.39824655
469.15796378	0.39687428
469.37965060	0.39985032
469.60135083	0.40210031
469.82306448	0.40878580
470.04479155	0.41341158
470.26653202	0.41619513
470.48828590	0.41847478
470.71005319	0.42522050
470.93183387	0.43344271
471.15362795	0.44002519
471.37543543	0.44775069
471.59725630	0.45268097
471.81909055	0.45377430
472.04093818	0.45101927
472.26279920	0.45301478
472.48467360	0.45414037
472.70656136	0.46297789
472.92846250	0.47999930
473.15037701	0.49738523
473.37230488	0.50306194
473.59424611	0.49443978
473.81620070	0.48229352
474.03816864	0.47975953
474.26014993	0.48091901
474.48214457	0.49367085
474.70415256	0.49303570
474.92617389	0.48170660
475.14820855	0.47227524
475.37025655	0.47228469
475.59231788	0.47748567
475.81439254	0.48110773
476.03648052	0.49086860
476.25858183	0.49305159
476.48069645	0.48866306
476.70282439	0.48144422
476.92496564	0.47836592
477.14712019	0.48233109
477.36928806	0.48972127
477.59146922	0.48305772
477.81366369	0.48578188
478.03587144	0.49708292
478.25809249	0.51610105
478.48032683	0.51567725
478.70257446	0.50494074
478.92483537	0.49201174
479.14710955	0.49405660
479.36939701	0.50933505
479.59169775	0.51940165
479.81401175	0.52365891
480.03633902	0.52889160
480.25867955	0.52462089
480.48103334	0.50750279
480.70340038	0.48781607
480.92578068	0.48361916
481.14817423	0.48747425
481.37058102	0.49161636
481.59300106	0.49406588
481.81543434	0.48913462
482.03788085	0.48921656
482.26034060	0.49331425
482.48281357	0.50478127
482.70529977	0.52296991
482.92779920	0.52569295
483.15031184	0.51181391
483.37283771	0.48521261
483.59537678	0.52257997
483.81792907	0.61869423
484.04049456	0.66302560
484.26307325	0.59440448
484.48566515	0.51539175
484.70827024	0.48596023
484.93088853	0.50329390
485.15352000	0.53192029
485.37616467	0.54069085
485.59882251	0.51223068
485.82149354	0.47249892
486.04417775	0.44344922
486.26687513	0.43231078
486.48958567	0.43008224
486.71230939	0.42918160
486.93504627	0.42572943
487.15779632	0.42719299
487.38055952	0.42359086
487.60333587	0.41871426
487.82612538	0.41033775
488.04892803	0.40509813
488.27174383	0.40360789
488.49457277	0.40410760
488.71741484	0.39697473
488.94027005	0.39568422
489.16313840	0.39742755
489.38601987	0.39550743
489.60891446	0.38545023
489.83182218	0.38043684
490.05474302	0.37743116
490.27767697	0.37791641
490.50062403	0.37815319
490.72358420	0.37932291
490.94655748	0.37382890
491.16954385	0.36825287
491.39254333	0.36889355
491.61555590	0.37381947
491.83858157	0.37190076
492.06162032	0.36869515
492.28467216	0.36985992
492.50773708	0.37384911
492.73081508	0.37216450
492.95390615	0.36346749
493.17701030	0.35524133
493.40012752	0.35078793
493.62325780	0.34723952
493.84640114	0.36182119
494.06955755	0.38739847
494.29272701	0.40816652
494.51590952	0.41033383
494.73910508	0.40424275
494.96231369	0.38604756
495.18553534	0.36478640
495.40877004	0.35257549
495.63201776	0.34708918
495.85527852	0.34301321
496.07855232	0.33948040
496.30183913	0.34108305
496.52513897	0.34454330
496.74845183	0.34697297
496.97177771	0.34847652
497.19511660	0.34211086
497.41846850	0.34257201
497.64183341	0.34491018
497.86521132	0.34727731
498.08860223	0.33775977
498.31200614	0.33088270
498.53542304	0.32594045
498.75885293	0.33109563
498.98229581	0.33436673
499.20575168	0.34671308
499.42922052	0.36204314
499.65270234	0.36449291
499.87619714	0.35409505
500.09970490	0.35164305
500.32322564	0.35991628
500.54675934	0.36035322
500.77030600	0.35477190
500.99386561	0.35395469
501.21743818	0.36118544
501.44102371	0.37031416
501.66462218	0.37576826
501.88823359	0.37065584
502.11185795	0.36320773
502.33549524	0.36856090
502.55914547	0.37023741
502.78280863	0.36983693
503.00648472	0.37105498
503.23017373	0.37603093
503.45387567	0.38002152
503.67759052	0.37595693
503.90131829	0.36439375
504.12505897	0.35754870
504.34881256	0.36073258
504.57257906	0.36773693
504.79635845	0.37397774
505.02015075	0.37150276
505.24395594	0.36104491
505.46777402	0.35002279
505.69160499	0.35519947
505.91544885	0.37195040
506.13930559	0.38322823
506.36317521	0.37889451
506.58705770	0.37608165
506.81095307	0.37628680
507.03486130	0.36993375
507.25878241	0.36818203
507.48271637	0.36376362
507.70666319	0.37289098
507.93062287	0.37732528
508.15459541	0.38333418
508.37858079	0.38307536
508.60257902	0.38736764
508.82659009	0.38423071
509.05061400	0.38099408
509.27465075	0.38034978
509.49870033	0.38555057
509.72276274	0.38214787
509.94683798	0.37843998
510.17092604	0.37412114
510.39502692	0.36680448
510.61914062	0.37086460
510.84326713	0.38013513
511.06740645	0.38370400
511.29155858	0.37985530
511.51572351	0.37405656
511.73990124	0.36713665
511.96409177	0.36805330
512.18829509	0.37255475
512.41251121	0.37236980
512.63674011	0.36750261
512.86098180	0.36029040
513.08523626	0.35183577
513.30950350	0.34519045
513.53378352	0.34287098
513.75807631	0.34668181
513.98238187	0.35024908
514.20670019	0.34930608
514.43103127	0.35803787
514.65537511	0.37114350
514.87973170	0.37875241
515.10410105	0.36944969
515.32848314	0.35674032
515.55287798	0.34283762
515.77728555	0.34047893
516.00170587	0.34237505
516.22613892	0.34380613
516.45058471	0.34209104
516.67504322	0.34343379
516.89951446	0.34764831
517.12399841	0.35508014
517.34849509	0.35836348
517.57300448	0.35545393
517.79752659	0.34783316
518.02206140	0.33786060
518.24660892	0.33120437
518.47116914	0.32331925
518.69574206	0.31498030
518.92032767	0.31349794
519.14492598	0.31468536
519.36953697	0.32357810
519.59416065	0.32249260
519.81879702	0.31229477
520.04344606	0.30967773
520.26810778	0.30419142
520.49278217	0.30614909
520.71746923	0.30524349
520.94216896	0.30778681
521.16688135	0.30267849
521.39160640	0.30126477
521.61634410	0.30197076
521.84109446	0.30564153
522.06585747	0.30347846
522.29063312	0.30002239
522.51542142	0.29348038
522.74022235	0.29145264
522.96503593	0.28721539
523.18986213	0.28428999
523.41470097	0.28264310
523.63955243	0.28522664
523.86441652	0.28366153
524.08929323	0.28143962
524.31418255	0.27716334
524.53908449	0.27589872
524.76399904	0.27471679
524.98892619	0.27626039
525.21386595	0.26951723
525.43881831	0.26769060
525.66378326	0.26276990
525.88876081	0.25873657
526.11375095	0.25597342
526.33875368	0.26209713
526.56376899	0.27059873
526.78879689	0.27582089
527.01383736	0.27228327
527.23889040	0.26592330
527.46395602	0.26092467
527.68903420	0.26005930
527.91412495	0.26055076
528.13922826	0.25788796
528.36434412	0.25364295
528.58947254	0.24936799
528.81461352	0.24750006
529.03976704	0.24332712
529.26493310	0.24314091
529.49011171	0.24449429
529.71530285	0.24333520
529.94050653	0.24159158
530.16572275	0.23358324
530.39095149	0.23196071
530.61619275	0.23304612
530.84144654	0.23777497
531.06671284	0.24333624
531.29199166	0.24575386
531.51728300	0.24289431
531.74258684	0.24126485
531.96790319	0.24191061
532.19323203	0.24294654
532.41857338	0.24414065
532.64392723	0.24730167
532.86929356	0.24759115
533.09467239	0.24693326
533.32006370	0.24364569
533.54546749	0.23916596
533.77088376	0.23329381
533.99631251	0.23074925
534.22175373	0.22531120
534.44720742	0.22066141
534.67267358	0.21524071
534.89815220	0.21414570
535.12364328	0.21550181
535.34914681	0.22344169
535.57466280	0.22949080
535.80019124	0.22976955
536.02573212	0.22894828
536.25128545	0.23372149
536.47685122	0.23487929
536.70242942	0.23698312
536.92802006	0.23976777
537.15362313	0.23898535
537.37923862	0.24037075
537.60486654	0.23941285
537.83050688	0.23517118
538.05615963	0.22967308
538.28182480	0.22059574
538.50750238	0.22376348
538.73319237	0.22378488
538.95889475	0.22579370
539.18460955	0.22536885
539.41033673	0.22448869
539.63607631	0.22138631
539.86182829	0.22464659
540.08759265	0.22528710
540.31336939	0.22509007
540.53915852	0.22285761
540.76496002	0.22268321
540.99077390	0.21963355
541.21660014	0.22123361
541.44243876	0.21866045
541.66828974	0.22474571
541.89415308	0.22717680
542.12002878	0.23300709
542.34591684	0.23425068
542.57181724	0.23642579
542.79772999	0.23805555
543.02365509	0.24390460
543.24959253	0.23965516
543.47554231	0.23069186
543.70150442	0.23084439
543.92747887	0.23162677
544.15346564	0.22785462
544.37946474	0.22893065
544.60547616	0.22901383
544.83149990	0.23381389
545.05753596	0.24203399
545.28358432	0.25198795
545.50964500	0.25855152
545.73571798	0.26720159
545.96180326	0.27218256
546.18790085	0.27472482
546.41401072	0.26380052
546.64013289	0.25732131
546.86626735	0.25195708
547.09241410	0.24043116
547.31857313	0.22624652
547.54474444	0.22560336
547.77092802	0.22649582
547.99712387	0.22839595
548.22333200	0.23432020
548.44955239	0.23599854
548.67578505	0.23132262
548.90202996	0.22715254
549.12828713	0.22306121
549.35455656	0.22788825
549.58083823	0.23674190
549.80713215	0.25000990
550.03343831	0.26173947
550.25975672	0.26713985
550.48608736	0.27228838
550.71243023	0.27266603
550.93878533	0.27066166
551.16515266	0.26941925
551.39153222	0.27095232
551.61792399	0.26720408
551.84432798	0.27221897
552.07074419	0.27393025
552.29717260	0.26476413
552.52361323	0.24993750
552.75006605	0.24940013
552.97653108	0.27282875
553.20300831	0.29003332
553.42949772	0.29320962
553.65599933	0.28577099
553.88251313	0.28928711
554.10903911	0.28849628
554.33557727	0.27794353
554.56212762	0.26001607
554.78869013	0.25473213
555.01526482	0.25814673
555.24185167	0.25816809
555.46845069	0.24980890
555.69506187	0.25211916
555.92168520	0.25408201
556.14832070	0.25198378
556.37496834	0.24664368
556.60162813	0.24141898
556.82830007	0.23741732
557.05498415	0.23990835
557.28168037	0.23919562
557.50838872	0.25092775
557.73510920	0.25772743
557.96184181	0.26992344
558.18858655	0.27779082
558.41534341	0.28676110
558.64211239	0.29903990
558.86889348	0.31316279
559.09568669	0.31974964
559.32249201	0.31421497
559.54930943	0.31734682
559.77613895	0.31959267
560.00298057	0.32238133
560.22983429	0.31063319
560.45670010	0.28917862
560.68357800	0.28657212
560.91046798	0.29648458
561.13737005	0.31433173
561.36428420	0.32027630
561.59121042	0.32274476
561.81814872	0.30621345
562.04509908	0.30431980
562.27206152	0.30225237
562.49903601	0.29341176
562.72602257	0.28249825
562.95302118	0.29084974
563.18003184	0.29289867
563.40705456	0.28137021
563.63408932	0.26622897
563.86113612	0.26894110
564.08819497	0.27133968
564.31526585	0.27088294
564.54234876	0.26476260
564.76944371	0.26131466
564.99655068	0.26687339
565.22366968	0.28053261
565.45080069	0.29025322
565.67794373	0.30123240
565.90509877	0.29924245
566.13226583	0.30187164
566.35944490	0.30679249
566.58663596	0.32370785
566.81383903	0.33447295
567.04105410	0.33972303
567.26828116	0.34818832
567.49552021	0.36100067
567.72277125	0.36978192
567.95003428	0.39493494
568.17730928	0.39859358
568.40459627	0.38595246
568.63189522	0.37340012
568.85920615	0.40790265
569.08652905	0.43107654
569.31386391	0.45064017
569.54121073	0.44113476
569.76856952	0.47976225
569.99594025	0.49950397
570.22332294	0.47685321
570.45071757	0.41628228
570.67812415	0.38514856
570.90554268	0.40799650
571.13297314	0.45719426
571.36041553	0.48715965
571.58786986	0.45412002
571.81533612	0.44553333
572.04281430	0.47151984
572.27030441	0.50078257
572.49780643	0.49309288
572.72532037	0.48401697
572.95284622	0.50869987
573.18038398	0.53059360
573.40793364	0.48832814
573.63549521	0.43356070
573.86306868	0.40585936
574.09065404	0.42123788
574.31825129	0.44797060
574.54586044	0.45940932
574.77348147	0.44769738
575.00111438	0.43569862
575.22875918	0.42885057
575.45641585	0.48137963
575.68408439	0.57313389
575.91176480	0.63744748
576.13945708	0.63354247
576.36716122	0.58777145
576.59487722	0.56163321
576.82260508	0.52412862
577.05034479	0.46629573
577.27809635	0.46770575
577.50585976	0.46820428
577.73363501	0.43372573
577.96142210	0.40241242
578.18922103	0.42105804
578.41703179	0.41634125
578.64485438	0.40143562
578.87268880	0.45889611
579.10053504	0.65073401
579.32839310	0.71724645
579.55626298	0.66176302
579.78414468	0.60278292
580.01203818	0.61538354
580.23994349	0.58771261
580.46786061	0.52780892
580.69578953	0.49067835
580.92373024	0.45039755
581.15168275	0.40357044
581.37964705	0.35091684
581.60762314	0.33742495
581.83561101	0.35031250
582.06361067	0.35750609
582.29162210	0.36295840
582.51964530	0.41043145
582.74768028	0.49175980
582.97572702	0.51720781
583.20378553	0.50210252
583.43185581	0.50068469
583.65993784	0.50724566
583.88803162	0.47134395
584.11613716	0.43435996
584.34425444	0.41456965
584.57238347	0.40594351
584.80052424	0.39900200
585.02867675	0.40669012
585.25684100	0.43019978
585.48501697	0.43585404
585.71320468	0.42070136
585.94140411	0.39805345
586.16961527	0.41835797
586.39783814	0.42423691
586.62607273	0.38830830
586.85431903	0.33621340
587.08257704	0.31619943
587.31084675	0.32421866
587.53912817	0.33916801
587.76742129	0.33488423
587.99572610	0.31399647
588.22404261	0.30099678
588.45237080	0.30037633
588.68071068	0.29657568
588.90906225	0.28049748
589.13742549	0.28143169
589.36580041	0.29757955
589.59418700	0.32090723
589.82258527	0.31265646
590.05099519	0.28110742
590.27941679	0.30809640
590.50785004	0.40162749
590.73629495	0.45964004
590.96475151	0.47077442
591.19321972	0.44962551
591.42169958	0.46423913
591.65019108	0.45542000
591.87869423	0.43017466
592.10720901	0.36776269
592.33573542	0.33365529
592.56427346	0.33967998
592.79282313	0.35369596
593.02138443	0.35108818
593.24995735	0.34024568
593.47854188	0.32553170
593.70713802	0.30489747
593.93574578	0.29321487
594.16436515	0.28411447
594.39299612	0.27756283
594.62163869	0.28234433
594.85029285	0.30379736
595.07895862	0.31284442
595.30763597	0.32799387
595.53632491	0.35919961
595.76502543	0.35771620
595.99373754	0.33967082
596.22246123	0.33492308
596.45119648	0.38925554
596.67994332	0.47450005
596.90870171	0.51450857
597.13747168	0.45878368
597.36625320	0.42371582
597.59504629	0.46664475
597.82385093	0.52411453
598.05266712	0.53639460
598.28149485	0.48036413
598.51033414	0.43571335
598.73918496	0.43660054
598.96804733	0.43885436
599.19692123	0.41266394
599.42580666	0.37056982
599.65470362	0.35464466
599.88361211	0.34524551
600.11253212	0.32772943
600.34146364	0.31028309
600.57040669	0.28616215
600.79936124	0.28104155
601.02832731	0.32359947
601.25730488	0.35861672
601.48629395	0.37148267
601.71529452	0.36105297
601.94430659	0.38890610
602.17333015	0.39112782
602.40236521	0.37937296
602.63141174	0.34289860
602.86046976	0.37157413
603.08953926	0.41796691
603.31862024	0.41479979
603.54771269	0.40422144
603.77681661	0.45324775
604.00593199	0.46675702
604.23505884	0.44728621
604.46419715	0.44923847
604.69334691	0.45727208
604.92250813	0.46851798
605.15168080	0.49838241
605.38086492	0.50974068
605.61006048	0.50063932
605.83926748	0.45448731
606.06848591	0.42389359
606.29771579	0.41760887
606.52695709	0.41340091
606.75620981	0.38747216
606.98547397	0.35785923
607.21474954	0.32502150
607.44403653	0.31940492
607.67333493	0.33950988
607.90264475	0.37164346
608.13196597	0.36100594
608.36129860	0.32656928
608.59064263	0.30573759
608.81999805	0.32425320
609.04936487	0.33534504
609.27874309	0.34413082
609.50813268	0.34773281
609.73753367	0.34028739
609.96694603	0.32158808
610.19636978	0.32582908
610.42580489	0.33742240
610.65525138	0.34611674
610.88470924	0.34851131
611.11417846	0.35959369
611.34365905	0.36733106
611.57315099	0.36086664
611.80265429	0.34878204
612.03216894	0.34460378
612.26169494	0.35762203
612.49123228	0.41148745
612.72078097	0.44863536
612.95034099	0.45434545
613.17991235	0.42545900
613.40949504	0.43686971
613.63908906	0.41125562
613.86869441	0.37692052
614.09831108	0.34286043
614.32793907	0.34795649
614.55757837	0.34929831
614.78722899	0.33103911
615.01689091	0.30493367
615.24656414	0.27260222
615.47624868	0.25778622
615.70594451	0.26669225
615.93565164	0.28356244
616.16537006	0.29303158
616.39509977	0.27232326
616.62484077	0.25426711
616.85459305	0.25730903
617.08435661	0.26110272
617.31413145	0.23743050
617.54391756	0.24470467
617.77371494	0.27112519
618.00352359	0.27892284
618.23334350	0.25186105
618.46317467	0.24906375
618.69301710	0.23333957
618.92287078	0.21194824
619.15273571	0.19009036
619.38261189	0.20462202
619.61249931	0.23495715
619.84239797	0.27253501
620.07230787	0.27665993
620.30222900	0.27002005
620.53216137	0.23986998
620.76210496	0.24737282
620.99205977	0.26091662
621.22202581	0.26949863
621.45200306	0.25327556
621.68199153	0.23823465
621.91199121	0.24268651
622.14200210	0.24452774
622.37202419	0.26091407
622.60205748	0.25467741
622.83210197	0.23931615
623.06215765	0.21149518
623.29222453	0.20827912
623.52230259	0.21863624
623.75239184	0.21289139
623.98249226	0.19927653
624.21260387	0.19612074
624.44272665	0.19370713
624.67286061	0.18580517
624.90300573	0.19541185
625.13316202	0.20880848
625.36332947	0.20766806
625.59350807	0.19384513
625.82369784	0.18998903
626.05389875	0.18849493
626.28411081	0.16849377
626.51433402	0.15668495
626.74456837	0.16396141
626.97481386	0.17452096
627.20507049	0.18735852
627.43533824	0.18532674
627.66561713	0.17568627
627.89590714	0.15913847
628.12620828	0.16019019
628.35652053	0.15765819
628.58684390	0.16129841
628.81717838	0.14945786
629.04752397	0.14570889
629.27788067	0.14091613
629.50824847	0.13642003
629.73862737	0.12919494
629.96901736	0.12357406
630.19941845	0.11098680
630.42983063	0.10809439
630.66025389	0.11539657
630.89068824	0.11455373
631.12113367	0.10735126
631.35159017	0.10243061
631.58205775	0.09885716
631.81253640	0.09884701
632.04302611	0.10129327
632.27352689	0.10668487
632.50403873	0.10534875
632.73456162	0.09849844
632.96509557	0.09425798
633.19564057	0.09414335
633.42619661	0.09767767
633.65676370	0.10174824
633.88734183	0.10604361
634.11793100	0.10994726
634.34853120	0.11611200
634.57914243	0.12104176
634.80976469	0.11877320
635.04039797	0.10952634
635.27104228	0.10627087
635.50169760	0.10292767
635.73236394	0.10285643
635.96304128	0.09238725
636.19372964	0.09453584
636.42442900	0.09322793
636.65513936	0.09224211
636.88586071	0.08413635
637.11659307	0.08174674
637.34733641	0.07879766
637.57809074	0.07875454
637.80885606	0.07692823
638.03963236	0.08142096
638.27041963	0.08403352
638.50121789	0.08286877
638.73202711	0.07856084
638.96284730	0.07357414
639.19367846	0.07193575
639.42452057	0.07320423
639.65537365	0.07136552
639.88623768	0.07091316
640.11711267	0.06878299
640.34799860	0.06619797
640.57889548	0.06422659
640.80980330	0.06465472
641.04072206	0.06512759
641.27165176	0.06914909
641.50259238	0.07025101
641.73354394	0.06999606
641.96450642	0.06705746
642.19547983	0.06707138
642.42646415	0.06765370
642.65745939	0.06614540
642.88846554	0.06454195
643.11948261	0.06481744
643.35051057	0.06338601
643.58154945	0.06201641
643.81259922	0.06066172
644.04365988	0.05772218
644.27473144	0.05698306
644.50581389	0.05710774
644.73690723	0.05554524
644.96801145	0.05487341
645.19912655	0.05435536
645.43025252	0.05466623
645.66138937	0.05628726
645.89253709	0.06690066
646.12369568	0.08119219
646.35486513	0.08837662
646.58604544	0.08680365
646.81723661	0.08660822
647.04843863	0.09387620
647.27965150	0.09575746
647.51087522	0.09196672
647.74210978	0.08590628
647.97335518	0.08059446
648.20461142	0.07940087
648.43587850	0.07568268
648.66715640	0.07229341
648.89844513	0.07475385
649.12974469	0.07482606
649.36105507	0.07256522
649.59237626	0.07007916
649.82370827	0.07008192
650.05505109	0.06918571
650.28640472	0.06796828
650.51776915	0.06961531
650.74914439	0.07428742
650.98053042	0.07639721
651.21192724	0.07866559
651.44333486	0.07496410
651.67475327	0.07124646
651.90618246	0.06608539
652.13762243	0.06142986
652.36907318	0.06345845
652.60053471	0.06210819
652.83200701	0.06128483
653.06349007	0.06722831
653.29498391	0.07826141
653.52648850	0.21388069
653.75800385	0.64404034
653.98952996	0.81913396
654.22106682	0.69394185
654.45261443	0.44355201
654.68417278	0.37577412
654.91574188	0.33193695
655.14732171	0.30222296
655.37891228	0.28888884
655.61051359	0.30747907
655.84212562	0.26809804
656.07374838	0.20519166
656.30538186	0.14630650
656.53702606	0.11152003
656.76868097	0.09226367
657.00034660	0.08256082
657.23202294	0.07505418
657.46370999	0.07271005
657.69540773	0.06807896
657.92711618	0.06307164
658.15883533	0.05985548
658.39056516	0.05774679
658.62230569	0.05503073
658.85405690	0.05504977
659.08581880	0.05380285
659.31759138	0.05529030
659.54937463	0.05547980
659.78116856	0.05450381
660.01297315	0.05198337
660.24478842	0.05140479
660.47661434	0.04996862
660.70845093	0.04999505
660.94029818	0.05006820
661.17215607	0.05319887
661.40402462	0.05340486
661.63590382	0.05672095
661.86779366	0.05762173
662.09969414	0.06198413
662.33160526	0.06414682
662.56352701	0.06611094
662.79545939	0.06118019
663.02740240	0.06347034
663.25935604	0.06433457
663.49132030	0.06506916
663.72329517	0.06188851
663.95528066	0.06084007
664.18727676	0.05904663
664.41928346	0.05749724
664.65130078	0.05440050
664.88332869	0.05229123
665.11536720	0.05146141
665.34741631	0.05218120
665.57947600	0.05183609
665.81154629	0.05271682
666.04362716	0.05310895
666.27571861	0.05165368
666.50782064	0.04981155
666.73993325	0.05338733
666.97205643	0.05331409
667.20419017	0.05865428
667.43633449	0.05980931
667.66848936	0.06182138
667.90065479	0.05936858
668.13283078	0.06322408
668.36501732	0.06508975
668.59721441	0.06567553
668.82942204	0.06354396
669.06164022	0.06457528
669.29386894	0.07111013
669.52610819	0.09629660
669.75835797	0.11225682
669.99061829	0.11264962
670.22288913	0.10602146
670.45517049	0.10871630
670.68746237	0.10208690
670.91976477	0.09340747
671.15207768	0.08706103
671.38440110	0.08596354
671.61673503	0.08368539
671.84907945	0.08432193
672.08143438	0.08134157
672.31379981	0.07983124
672.54617573	0.07589289
672.77856214	0.07197859
673.01095903	0.06578878
673.24336641	0.06579947
673.47578427	0.06927301
673.70821261	0.07124954
673.94065142	0.07025529
674.17310070	0.07127638
674.40556044	0.08103189
674.63803065	0.08533094
674.87051132	0.07902724
675.10300245	0.07098424
675.33550403	0.06833109
675.56801606	0.07931139
675.80053854	0.09742085
676.03307147	0.10213812
676.26561483	0.09085083
676.49816863	0.08746177
676.73073287	0.09218683
676.96330754	0.09329231
677.19589263	0.09362335
677.42848815	0.10126554
677.66109409	0.11106699
677.89371045	0.11199950
678.12633722	0.10524027
678.35897440	0.09716762
678.59162199	0.09274425
678.82427999	0.08973311
679.05694839	0.08322836
679.28962718	0.08557218
679.52231638	0.10212741
679.75501596	0.10667420
679.98772593	0.10158981
680.22044628	0.09304978
680.45317702	0.08648618
680.68591814	0.08010338
680.91866963	0.07324091
681.15143149	0.06863793
681.38420372	0.06891529
681.61698632	0.07944809
681.84977928	0.08750613
682.08258260	0.09073954
682.31539627	0.09393419
682.54822030	0.10457297
682.78105467	0.10675843
683.01389939	0.10754648
683.24675446	0.11828718
683.47961986	0.13624267
683.71249560	0.14334504
683.94538167	0.13084632
684.17827807	0.12194967
684.41118479	0.11459254
684.64410184	0.11514216
684.87702921	0.10835333
685.10996689	0.10000470
685.34291489	0.10835864
685.57587320	0.11536713
685.80884181	0.11147711
686.04182073	0.09813809
686.27480995	0.09295591
686.50780946	0.08901885
686.74081926	0.08281970
686.97383936	0.08024681
687.20686974	0.07835457
687.43991041	0.08189639
687.67296136	0.09392739
687.90602258	0.09411103
688.13909408	0.09158902
688.37217585	0.08178916
688.60526788	0.07841754
688.83837018	0.07363897
689.07148274	0.08695779
689.30460555	0.10554052
689.53773862	0.11648461
689.77088194	0.11079467
690.00403551	0.09999271
690.23719932	0.09453067
690.47037338	0.09142033
690.70355767	0.09049425
690.93675219	0.08607603
691.16995695	0.08416764
691.40317193	0.09516970
691.63639714	0.09704862
691.86963257	0.08929771
692.10287822	0.07909173
692.33613408	0.07513728
692.56940015	0.07076599
692.80267643	0.06769837
693.03596292	0.06586134
693.26925961	0.07449390
693.50256649	0.09301350
693.73588357	0.09538285
693.96921084	0.08047598
694.20254831	0.06052504
694.43589595	0.05643662
694.66925378	0.06023841
694.90262179	0.07511022
695.13599997	0.11889810
695.36938832	0.13358382
695.60278684	0.11190040
695.83619553	0.10204156
696.06961438	0.09192277
696.30304339	0.08945716
696.53648255	0.08833945
696.76993187	0.08418258
697.00339134	0.08122776
697.23686095	0.08253566
697.47034070	0.07889198
697.70383060	0.07537562
697.93733063	0.06753352
698.17084079	0.06100212
698.40436108	0.05412902
698.63789150	0.05329416
698.87143204	0.05593527
699.10498270	0.05757165
699.33854348	0.05096907
699.57211437	0.04795664
699.80569537	0.05496914
700.03928647	0.06393702
700.27288768	0.06781777
700.50649899	0.07235500
700.74012039	0.08084855
700.97375189	0.07938103
701.20739348	0.06599125
701.44104516	0.06363129
701.67470692	0.05930301
701.90837876	0.05540480
702.14206067	0.05549182
702.37575266	0.06331917
702.60945472	0.06391013
702.84316685	0.05760899
703.07688904	0.04944536
703.31062130	0.04657786
703.54436361	0.04460381
703.77811597	0.04360946
704.01187838	0.04148415
704.24565085	0.04473500
704.47943335	0.05305553
704.71322590	0.07603762
704.94702848	0.09024236
705.18084110	0.09477849
705.41466375	0.09518577
705.64849643	0.09631284
705.88233913	0.09356298
706.11619186	0.09581827
706.35005460	0.09166149
706.58392736	0.08507505
706.81781012	0.08226749
707.05170290	0.08293624
707.28560568	0.08177445
707.51951846	0.07389219
707.75344124	0.06875047
707.98737402	0.06590938
708.22131679	0.06214919
708.45526954	0.06380152
708.68923229	0.06938696
708.92320501	0.07183385
709.15718771	0.06449963
709.39118039	0.05741880
709.62518304	0.05320973
709.85919566	0.05194616
710.09321824	0.05062469
710.32725079	0.05044645
710.56129329	0.05909915
710.79534575	0.07672376
711.02940817	0.08052954
711.26348053	0.07229612
711.49756284	0.07337766
711.73165509	0.07837891
711.96575728	0.07662455
712.19986940	0.07333217
712.43399146	0.07565841
712.66812345	0.08008060
712.90226537	0.07725569
713.13641720	0.07974685
713.37057896	0.08397748
713.60475064	0.08243796
713.83893222	0.07060904
714.07312372	0.06504915
714.30732512	0.05764667
714.54153643	0.05492900
714.77575764	0.05087665
715.00998874	0.05356495
715.24422974	0.05708378
715.47848062	0.06020878
715.71274140	0.05546764
715.94701205	0.05596086
716.18129259	0.07264473
716.41558301	0.08186291
716.64988330	0.07457295
716.88419346	0.05854568
717.11851348	0.05758893
717.35284337	0.06907075
717.58718312	0.07549500
717.82153273	0.07288318
718.05589219	0.05982965
718.29026151	0.05793326
718.52464067	0.05727270
718.75902967	0.06230999
718.99342852	0.06453603
719.22783720	0.06418067
719.46225572	0.05798032
719.69668407	0.05818805
719.93112225	0.05645796
720.16557025	0.05829121
720.40002808	0.05904826
720.63449572	0.05687472
720.86897317	0.05103883
721.10346044	0.05456722
721.33795752	0.05636021
721.57246440	0.05971966
721.80698108	0.05701542
722.04150756	0.05494911
722.27604384	0.05135236
722.51058991	0.04848196
722.74514577	0.04747013
722.97971141	0.05250493
723.21428683	0.06022494
723.44887203	0.06476371
723.68346701	0.06736880
723.91807176	0.06502904
724.15268628	0.06365414
724.38731057	0.06720796
724.62194462	0.06592959
724.85658842	0.06191480
725.09124198	0.05643262
725.32590530	0.05854173
725.56057836	0.06205148
725.79526117	0.06574868
726.02995373	0.06986667
726.26465602	0.07724503
726.49936805	0.07753587
726.73408981	0.07463862
726.96882130	0.06876526
727.20356252	0.06903992
727.43831346	0.07032764
727.67307412	0.07131667
727.90784449	0.07627756
728.14262458	0.07944435
728.37741438	0.08007928
728.61221389	0.07707351
728.84702310	0.09426928
729.08184201	0.12128202
729.31667061	0.12633288
729.55150891	0.11105081
729.78635691	0.10369257
730.02121458	0.10650402
730.25608194	0.09635023
730.49095898	0.09061626
730.72584570	0.09823972
730.96074210	0.11293218
731.19564816	0.11647410
731.43056389	0.10981402
731.66548928	0.10501387
731.90042434	0.11304336
732.13536905	0.11945303
732.37032342	0.12067230
732.60528744	0.12135589
732.84026110	0.11513792
733.07524441	0.09857736
733.31023736	0.09397301
733.54523995	0.10123069
733.78025217	0.12025574
734.01527403	0.12795187
734.25030551	0.12290105
734.48534662	0.10966368
734.72039735	0.10001413
734.95545769	0.10356271
735.19052766	0.11299791
735.42560723	0.11562846
735.66069641	0.10498298
735.89579520	0.09370376
736.13090359	0.09258065
736.36602157	0.09347992
736.60114916	0.09249746
736.83628633	0.09444604
737.07143309	0.10263124
737.30658944	0.12132233
737.54175537	0.13433149
737.77693088	0.12530113
738.01211596	0.10407161
738.24731062	0.08727943
738.48251485	0.08131370
738.71772864	0.07806656
738.95295199	0.07725859
739.18818491	0.07324354
739.42342738	0.07180021
739.65867940	0.06773054
739.89394097	0.06711543
740.12921209	0.06734995
740.36449275	0.06916306
740.59978295	0.07156182
740.83508268	0.07768043
741.07039195	0.07596264
741.30571075	0.06769173
741.54103907	0.05698206
741.77637692	0.05242300
742.01172429	0.05128683
742.24708117	0.05097035
742.48244757	0.04920033
742.71782348	0.04868418
742.95320889	0.04915054
743.18860381	0.04877541
743.42400823	0.04577102
743.65942214	0.04548828
743.89484555	0.04813201
744.13027845	0.04924979
744.36572084	0.05023610
744.60117271	0.04885994
744.83663406	0.04242490
745.07210488	0.04115048
745.30758519	0.04370187
745.54307496	0.04787223
745.77857420	0.04672917
746.01408290	0.04287511
746.24960107	0.03782979
746.48512869	0.03801471
746.72066576	0.03835373
746.95621229	0.03930933
747.19176827	0.04083953
747.42733369	0.04585009
747.66290855	0.05055224
747.89849285	0.05611886
748.13408658	0.05943692
748.36968974	0.07838683
748.60530234	0.08307835
748.84092435	0.07957265
749.07655579	0.06518338
749.31219665	0.06067929
749.54784692	0.06164816
749.78350661	0.06737017
750.01917570	0.06740072
750.25485420	0.06727091
750.49054210	0.06458816
750.72623939	0.06404948
750.96194609	0.06356842
751.19766217	0.06475178
751.43338765	0.06437515
751.66912251	0.07121478
751.90486675	0.07548821
752.14062037	0.07521629
752.37638337	0.06781245
752.61215573	0.06140417
752.84793747	0.05789709
753.08372858	0.05767882
753.31952904	0.05805542
753.55533887	0.06298266
753.79115805	0.06651794
754.02698658	0.07078466
754.26282447	0.07116910
754.49867170	0.07102310
754.73452827	0.08223670
754.97039418	0.09992557
755.20626943	0.11091013
755.44215401	0.12624582
755.67804792	0.14021990
755.91395116	0.13916262
756.14986372	0.12848500
756.38578560	0.11476530
756.62171680	0.10444432
756.85765731	0.09339000
757.09360713	0.09471817
757.32956626	0.09918847
757.56553469	0.10758671
757.80151242	0.10799008
758.03749945	0.10631770
758.27349577	0.10550978
758.50950138	0.11528406
758.74551628	0.12192537
758.98154047	0.12356439
759.21757393	0.11788394
759.45361667	0.10840823
759.68966869	0.09771194
759.92572998	0.08920625
760.16180053	0.08500121
760.39788035	0.08765315
760.63396943	0.08758768
760.87006776	0.09163872
761.10617535	0.09148864
761.34229220	0.09580092
761.57841829	0.09609976
761.81455362	0.09419552
762.05069820	0.08963660
762.28685201	0.09802799
762.52301506	0.11079215
762.75918734	0.12371314
762.99536885	0.12881211
763.23155958	0.12896476
763.46775954	0.11843450
763.70396871	0.11147417
763.94018710	0.10210856
764.17641470	0.09159446
764.41265151	0.08381268
764.64889752	0.07802761
764.88515274	0.07192629
765.12141715	0.07096167
765.35769076	0.06872098
765.59397356	0.06959340
765.83026555	0.07484509
766.06656673	0.08466098
766.30287709	0.08925473
766.53919662	0.09199501
766.77552534	0.09225381
767.01186322	0.09282733
767.24821028	0.08387029
767.48456650	0.07500041
767.72093188	0.06773723
767.95730642	0.06190142
768.19369012	0.06134793
768.43008297	0.06535733
768.66648498	0.06924360
768.90289612	0.07157251
769.13931641	0.07418299
769.37574584	0.07879553
769.61218441	0.07512914
769.84863211	0.07048168
770.08508894	0.06490298
770.32155489	0.06170032
770.55802997	0.05961509
770.79451417	0.05794691
771.03100749	0.05500798
771.26750992	0.05421349
771.50402146	0.05057526
771.74054210	0.05296847
771.97707185	0.04863871
772.21361070	0.04803047
772.45015865	0.04552712
772.68671569	0.04360405
772.92328182	0.04337909
773.15985704	0.04330925
773.39644135	0.04012941
773.63303473	0.03832423
773.86963719	0.03535334
774.10624873	0.03342371
774.34286933	0.03329232
774.57949901	0.03375592
774.81613774	0.03327624
775.05278554	0.03398516
775.28944240	0.03223774
775.52610831	0.03088158
775.76278327	0.02943288
775.99946728	0.03039649
776.23616034	0.03027582
776.47286244	0.03292652
776.70957357	0.03551418
776.94629374	0.03668277
777.18302294	0.03647514
777.41976117	0.03900633
777.65650842	0.03711150
777.89326470	0.03462696
778.13002999	0.03301620
778.36680430	0.03273759
778.60358762	0.03401066
778.84037995	0.03732325
779.07718129	0.04944809
779.31399162	0.05930025
779.55081096	0.06091367
779.78763929	0.05887002
780.02447662	0.05713343
780.26132293	0.05622095
780.49817823	0.05700622
780.73504251	0.05895876
780.97191577	0.05711052
781.20879800	0.05466234
781.44568921	0.05531754
781.68258939	0.05831140
781.91949853	0.05590850
782.15641663	0.05223022
782.39334370	0.04971743
782.63027972	0.04636204
782.86722470	0.04544269
783.10417862	0.04814955
783.34114149	0.04752105
783.57811330	0.04634993
783.81509406	0.04862799
784.05208375	0.05269107
784.28908237	0.05366805
784.52608992	0.05084181
784.76310640	0.04629230
785.00013180	0.04381317
785.23716613	0.04205905
785.47420937	0.04087305
785.71126152	0.03909339
785.94832258	0.04168118
786.18539255	0.04757736
786.42247143	0.05589521
786.65955920	0.06052490
786.89665587	0.06472198
787.13376144	0.06246159
787.37087589	0.05806753
787.60799924	0.05344415
787.84513147	0.05277945
788.08227257	0.05033525
788.31942256	0.04932222
788.55658142	0.04813897
788.79374915	0.04416019
789.03092575	0.04306550
789.26811121	0.04553252
789.50530554	0.05026963
789.74250872	0.05492767
789.97972076	0.05210151
790.21694164	0.05059387
790.45417138	0.04458504
790.69140996	0.04464663
790.92865738	0.04457166
791.16591364	0.04929409
791.40317874	0.04719006
791.64045266	0.04955805
791.87773542	0.05837158
792.11502700	0.07747151
792.35232740	0.08820268
792.58963662	0.08295107
792.82695466	0.07362560
793.06428151	0.07654686
793.30161716	0.07827680
793.53896162	0.07541054
793.77631489	0.06629418
794.01367695	0.05931229
794.25104781	0.05471603
794.48842746	0.05151331
794.72581590	0.04767530
794.96321312	0.04602562
795.20061913	0.04309775
795.43803392	0.04506470
795.67545748	0.04920836
795.91288982	0.04884497
796.15033092	0.04234845
796.38778079	0.03757521
796.62523942	0.03505190
796.86270682	0.03670412
797.10018297	0.03417140
797.33766787	0.03387394
797.57516152	0.02906576
797.81266392	0.02863282
798.05017506	0.02489420
798.28769494	0.02482846
798.52522356	0.02389049
798.76276091	0.02495716
799.00030699	0.02275140
799.23786180	0.02457254
799.47542533	0.02289747
799.71299758	0.02345902
799.95057855	0.02138189
800.18816824	0.02177724
800.42576663	0.01983011
800.66337373	0.01977384
800.90098953	0.02021736
801.13861404	0.02159766
801.37624724	0.02083370
801.61388913	0.02132821
801.85153972	0.01981932
802.08919899	0.01919619
802.32686695	0.01872983
802.56454359	0.01867894
802.80222890	0.01801428
803.03992289	0.01883173
803.27762555	0.01800635
803.51533688	0.01829167
803.75305688	0.02064491
803.99078553	0.02797097
804.22852284	0.03355237
804.46626881	0.03848781
804.70402343	0.03613591
804.94178670	0.03353225
805.17955861	0.03023566
805.41733916	0.03087494
805.65512835	0.03213176
805.89292618	0.03614125
806.13073264	0.03467926
806.36854772	0.03352550
806.60637143	0.03173922
806.84420377	0.03036169
807.08204472	0.02829659
807.31989429	0.02776187
807.55775247	0.02632668
807.79561925	0.02824036
808.03349465	0.02637367
808.27137864	0.02907788
808.50927124	0.02486469
808.74717243	0.02457931
808.98508221	0.02290288
809.22300058	0.02557889
809.46092754	0.02476025
809.69886308	0.02383147
809.93680720	0.02068236
810.17475990	0.01899124
810.41272117	0.01730685
810.65069100	0.01959692
810.88866941	0.01721024
811.12665637	0.01595193
811.36465190	0.01675332
811.60265598	0.02112187
811.84066862	0.02564459
812.07868980	0.03142286
812.31671954	0.02833411
812.55475781	0.02457126
812.79280463	0.02129475
813.03085998	0.02190317
813.26892386	0.01946280
813.50699628	0.02108707
813.74507722	0.01970816
813.98316669	0.02208407
814.22126467	0.02135383
814.45937117	0.02115527
814.69748619	0.02024813
814.93560972	0.02488492
815.17374175	0.02609339
815.41188229	0.02663094
815.65003133	0.02735857
815.88818886	0.02632276
816.12635489	0.02289084
816.36452942	0.02141123
816.60271242	0.02077883
816.84090392	0.01880496
817.07910389	0.02055503
817.31731234	0.01827435
817.55552927	0.01825149
817.79375466	0.01832390
818.03198853	0.02171819
818.27023086	0.02701019
818.50848165	0.03452118
818.74674090	0.03683544
818.98500860	0.03385237
819.22328475	0.02871606
819.46156936	0.02631462
819.69986240	0.02486592
819.93816389	0.02505079
820.17647382	0.02419330
820.41479218	0.02565260
820.65311898	0.02387299
820.89145420	0.02694179
821.12979785	0.02610018
821.36814992	0.02667510
821.60651041	0.02344702
821.84487931	0.02313199
822.08325663	0.02190587
822.32164236	0.02391858
822.56003649	0.02393066
822.79843902	0.02430598
823.03684995	0.02270848
823.27526928	0.02505899
823.51369700	0.02492099
823.75213311	0.02480968
823.99057760	0.02277416
824.22903048	0.02417181
824.46749174	0.02759711
824.70596137	0.03481728
824.94443938	0.03709674
825.18292576	0.04116123
825.42142050	0.04572819
825.65992360	0.04754525
825.89843507	0.04106472
826.13695489	0.03488033
826.37548306	0.03397027
826.61401959	0.03319443
826.85256446	0.03397039
827.09111767	0.03535738
827.32967923	0.03573254
827.56824912	0.03306728
827.80682734	0.03107321
828.04541389	0.03039648
828.28400878	0.02750464
828.52261198	0.02593804
828.76122351	0.02427641
828.99984335	0.02514881
829.23847151	0.02249277
829.47710797	0.02064892
829.71575275	0.01911856
829.95440582	0.01807058
830.19306720	0.01547488
830.43173688	0.01605642
830.67041485	0.01867756
830.90910111	0.01986223
831.14779566	0.01844441
831.38649849	0.01820318
831.62520961	0.01550708
831.86392900	0.01638075
832.10265666	0.01665279
832.34139260	0.01853166
832.58013681	0.01701595
832.81888928	0.01777312
833.05765001	0.01705747
833.29641900	0.01850346
833.53519624	0.01566911
833.77398174	0.01689672
834.01277548	0.01517603
834.25157747	0.01654029
834.49038770	0.01499241
834.72920617	0.01478197
834.96803288	0.01374072
835.20686781	0.01392306
835.44571098	0.01233921
835.68456237	0.01402896
835.92342198	0.01259108
836.16228981	0.01218632
836.40116586	0.00975014
836.64005012	0.01117996
836.87894258	0.01018697
837.11784326	0.01135410
837.35675213	0.01093478
837.59566921	0.01090397
837.83459448	0.00997657
838.07352794	0.01008776
838.31246959	0.01001405
838.55141943	0.01288581
838.79037745	0.01243563
839.02934365	0.01253080
839.26831803	0.00946200
839.50730058	0.00954643
839.74629130	0.00947687
839.98529019	0.00948345
840.22429723	0.01024867
840.46331244	0.01134344
840.70233581	0.01255626
840.94136733	0.01170934
841.18040699	0.01104190
841.41945481	0.01114099
841.65851077	0.01158595
841.89757486	0.01311632
842.13664710	0.01279744
842.37572747	0.01173869
842.61481597	0.01055416
842.85391259	0.01112903
843.09301734	0.00954779
843.33213021	0.00958001
843.57125120	0.01115856
843.81038030	0.01133270
844.04951751	0.00847034
844.28866283	0.00899849
844.52781626	0.00772126
844.76697778	0.00816349
845.00614740	0.00858687
845.24532512	0.01047645
845.48451092	0.01109278
845.72370482	0.01314181
845.96290680	0.01138372
846.20211686	0.00997794
846.44133499	0.00841805
846.68056121	0.00911902
846.91979549	0.00894738
847.15903784	0.01137157
847.39828826	0.00963486
847.63754674	0.00989484
847.87681327	0.00894610
848.11608786	0.00814744
848.35537050	0.00817031
848.59466120	0.01031021
848.83395993	0.00887102
849.07326671	0.00844753
849.31258153	0.00793701
849.55190438	0.00928916
849.79123526	0.00901711
850.03057417	0.00973941
850.26992111	0.00949009
850.50927607	0.01022719
850.74863905	0.01120943
850.98801004	0.01372478
851.22738905	0.01469768
851.46677606	0.01732276
851.70617108	0.01569612
851.94557411	0.01560610
852.18498513	0.01365505
852.42440415	0.01522704
852.66383116	0.01431710
852.90326616	0.01263931
853.14270915	0.01121355
853.38216012	0.01215154
853.62161907	0.01240206
853.86108599	0.01377836
854.10056089	0.01594653
854.34004376	0.01688323
854.57953459	0.01706416
854.81903339	0.01684979
855.05854015	0.01473916
855.29805486	0.01457434
855.53757753	0.01307085
855.77710815	0.01341925
856.01664671	0.01302392
856.25619322	0.01368059
856.49574767	0.01092671
856.73531005	0.01155522
856.97488037	0.01129520
857.21445862	0.01238600
857.45404479	0.01116252
857.69363889	0.01157668
857.93324091	0.01049383
858.17285085	0.01193708
858.41246870	0.01185138
858.65209446	0.01118134
858.89172813	0.01032231
859.13136971	0.01063053
859.37101918	0.01060643
859.61067655	0.01153248
859.85034182	0.00992298
860.09001498	0.00949414
860.32969602	0.00991223
860.56938495	0.01126041
860.80908176	0.00869953
861.04878645	0.01070295
861.28849902	0.01235785
861.52821945	0.01422452
861.76794775	0.01206710
862.00768392	0.01101794
862.24742795	0.00930386
862.48717984	0.00953032
862.72693958	0.00835376
862.96670718	0.00859491
863.20648262	0.00821576
863.44626591	0.00888182
863.68605704	0.00843687
863.92585600	0.00728974
864.16566281	0.00767707
864.40547744	0.00876101
864.64529991	0.00908139
864.88513020	0.01122294
865.12496831	0.01204034
865.36481424	0.01030358
865.60466799	0.00742115
865.84452955	0.00823852
866.08439892	0.00808850
866.32427609	0.00758720
866.56416107	0.00689170
866.80405384	0.00770123
867.04395442	0.00625257
867.28386278	0.00679924
867.52377893	0.00610775
867.76370287	0.00745999
868.00363460	0.00707402
868.24357410	0.00821712
868.48352138	0.00732721
868.72347643	0.00995108
868.96343925	0.01049529
869.20340984	0.01113046
869.44338819	0.00871552
869.68337431	0.00831355
869.92336817	0.00860440
870.16336980	0.00760327
870.40337917	0.00771062
870.64339629	0.00862177
870.88342115	0.00784445
871.12345375	0.00764625
871.36349409	0.00758460
871.60354216	0.00646963
871.84359797	0.00667344
872.08366150	0.00735134
872.32373275	0.00662915
872.56381173	0.00663580
872.80389842	0.00844225
873.04399283	0.00854805
873.28409495	0.00926381
873.52420477	0.01006097
873.76432230	0.00903581
874.00444753	0.00655816
874.24458046	0.00645227
874.48472108	0.00804163
874.72486940	0.00724686
874.96502540	0.00863653
875.20518908	0.00774405
875.44536045	0.00828942
875.68553950	0.00898099
875.92572622	0.00990693
876.16592061	0.01018028
876.40612267	0.01174414
876.64633239	0.01053817
876.88654978	0.01000476
877.12677482	0.01044434
877.36700752	0.00916183
877.60724787	0.00957992
877.84749587	0.00965762
878.08775152	0.01141050
878.32801481	0.01041067
878.56828573	0.01144539
878.80856429	0.01041737
879.04885049	0.01058095
879.28914431	0.01004496
879.52944576	0.00949150
879.76975483	0.00905601
880.01007152	0.00900244
880.25039582	0.00754042
880.49072774	0.00833770
880.73106726	0.00766630
880.97141440	0.00850925
881.21176913	0.00809650
881.45213147	0.00879074
881.69250140	0.00686100
881.93287892	0.00775073
882.17326403	0.00731660
882.41365673	0.00682478
882.65405701	0.00633418
882.89446488	0.00740770
883.13488032	0.00841014
883.37530333	0.00859501
883.61573391	0.00825740
883.85617206	0.00829750
884.09661777	0.00788203
884.33707104	0.00750684
884.57753187	0.00583578
884.81800025	0.00619498
885.05847618	0.00575282
885.29895966	0.00621633
885.53945068	0.00523819
885.77994924	0.00841541
886.02045534	0.00863925
886.26096898	0.00762073
886.50149014	0.00796918
886.74201883	0.00730721
886.98255505	0.00674828
887.22309878	0.00844491
887.46365004	0.00670557
887.70420880	0.00770388
887.94477508	0.00792758
888.18534887	0.00695347
888.42593016	0.00678856
888.66651895	0.00685020
888.90711524	0.00717976
889.14771902	0.00712495
889.38833030	0.00628599
889.62894906	0.00778955
889.86957531	0.00761802
890.11020904	0.00722416
890.35085024	0.00655142
890.59149893	0.00758199
890.83215508	0.00803620
891.07281870	0.00726836
891.31348979	0.00704449
891.55416834	0.00765166
891.79485434	0.00573798
892.03554781	0.00622442
892.27624872	0.00541632
892.51695708	0.00746797
892.75767289	0.00516046
892.99839614	0.00573936
893.23912683	0.00668677
893.47986495	0.00722673
893.72061051	0.00869954
893.96136349	0.00934535
894.20212390	0.00771324
894.44289174	0.00928388
894.68366699	0.00744385
894.92444966	0.00864318
895.16523974	0.00879732
895.40603723	0.00839665
895.64684213	0.00673229
895.88765442	0.00669215
896.12847412	0.00652195
896.36930122	0.00739154
896.61013570	0.00627264
896.85097758	0.00713560
897.09182685	0.00549804
897.33268349	0.00633834
897.57354752	0.00548880
897.81441892	0.00539492
898.05529770	0.00526763
898.29618384	0.00630218
898.53707735	0.00590950
898.77797823	0.00633971
899.01888647	0.00624322
899.25980206	0.00638519
899.50072501	0.00589479
899.74165530	0.00560927
899.98259295	0.00483748
900.22353793	0.00568703
900.46449026	0.00515643
900.70544993	0.00510539
900.94641693	0.00456544
901.18739126	0.00458422
901.42837291	0.00450243
901.66936189	0.00539892
901.91035820	0.00417421
902.15136182	0.00578357
902.39237275	0.00540157
902.63339099	0.00491384
902.87441655	0.00478654
903.11544940	0.00518452
903.35648956	0.00507466
903.59753702	0.00568035
903.83859177	0.00453589
904.07965381	0.00377481
904.32072314	0.00402808
904.56179975	0.00570711
904.80288365	0.00330176
905.04397482	0.00464587
905.28507327	0.00328168
905.52617899	0.00484152
905.76729198	0.00274166
906.00841223	0.00356435
906.24953975	0.00308192
906.49067452	0.00308868
906.73181655	0.00404950
906.97296584	0.00365689
907.21412237	0.00415007
907.45528614	0.00443004
907.69645716	0.00357911
907.93763542	0.00311680
908.17882091	0.00262766
908.42001363	0.00315967
908.66121359	0.00362875
908.90242077	0.00354161
909.14363517	0.00300025
909.38485679	0.00406828
909.62608563	0.00363278
909.86732168	0.00370242
910.10856493	0.00293585
910.34981540	0.00319983
910.59107307	0.00127553
910.83233793	0.00342502
911.07361000	0.00230346
911.31488926	0.00246154
911.55617570	0.00376273
911.79746933	0.00324950
912.03877015	0.00188135
912.28007815	0.00299093
912.52139332	0.00317586
912.76271566	0.00354974
913.00404518	0.00315830
913.24538186	0.00385656
913.48672571	0.00341969
913.72807671	0.00322539
913.96943488	0.00337143
914.21080019	0.00410710
914.45217266	0.00442606
914.69355228	0.00434160
914.93493903	0.00309536
915.17633293	0.00498889
915.41773397	0.00295608
915.65914214	0.00433764
915.90055744	0.00326288
916.14197987	0.00416879
916.38340942	0.00314093
916.62484609	0.00314768
916.86628988	0.00406289
917.10774079	0.00442874
917.34919880	0.00351356
917.59066393	0.00447425
917.83213616	0.00173782
918.07361549	0.00412185
918.31510191	0.00317722
918.55659544	0.00392081
918.79809605	0.00280998
919.03960375	0.00397452
919.28111854	0.00159992
919.52264040	0.00232081
919.76416935	0.00297069
920.00570537	0.00446090
920.24724847	0.00252050
920.48879863	0.00467394
920.73035585	0.00257946
920.97192014	0.00424908
921.21349149	0.00315564
921.45506989	0.00386723
921.69665535	0.00303370
921.93824785	0.00317166
922.17984740	0.00115088
922.42145399	0.00263041
922.66306762	0.00311008
922.90468828	0.00354964
923.14631598	0.00194154
923.38795071	0.00258749
923.62959246	0.00303913
923.87124124	0.00225109
924.11289703	0.00153824
924.35455984	0.00228592
924.59622967	0.00296140
924.83790650	0.00339817
925.07959034	0.00389544
925.32128118	0.00331246
925.56297902	0.00377741
925.80468386	0.00239855
926.04639569	0.00344246
926.28811451	0.00421567
926.52984032	0.00241738
926.77157311	0.00287021
927.01331288	0.00347467
927.25505963	0.00234497
927.49681335	0.00127956
927.73857404	0.00240661
927.98034170	0.00240389
928.22211632	0.00211039
928.46389790	0.00232082
928.70568644	0.00304446
928.94748193	0.00109467
929.18928438	0.00271213
929.43109377	0.00234361
929.67291010	0.00186648
929.91473337	0.00210239
930.15656359	0.00201806
930.39840073	0.00239183
930.64024481	0.00274830
930.88209581	0.00151006
931.12395374	0.00279519
931.36581859	0.00176336
931.60769036	0.00299486
931.84956904	0.00206746
932.09145463	0.00319455
932.33334713	0.00233957
932.57524654	0.00225248
932.81715285	0.00113760
933.05906605	0.00187188
933.30098615	0.00261559
933.54291314	0.00169234
933.78484702	0.00097133
934.02678778	0.00097540
934.26873543	0.00094454
934.51068995	0.00073020
934.75265135	0.00023966
934.99461962	0.00074898
935.23659476	0.00175396
935.47857677	0.00278850
935.72056563	0.00157973
935.96256136	0.00252982
936.20456394	0.00024365
936.44657337	0.00252714
936.68858965	0.00218680
936.93061278	0.00282472
937.17264275	0.00272823
937.41467956	0.00347725
937.65672320	0.00083070
937.89877368	0.00143892
938.14083099	0.00154620
938.38289512	0.00246689
938.62496607	0.00132511
938.86704385	0.00179949
939.10912844	0.00061085
939.35121984	0.00085481
939.59331805	0.00093521
939.83542307	0.00126623
940.07753489	0.00183175
940.31965351	0.00160924
940.56177893	0.00113616
940.80391114	0.00075703
941.04605014	0.00157040
941.28819593	0.00059751
941.53034850	0.00225104
941.77250785	0.00199378
942.01467398	0.00233164
942.25684688	0.00104774
942.49902655	0.00205948
942.74121299	0.00223243
942.98340619	0.00195223
943.22560615	0.00081455
943.46781287	0.00201263
943.71002635	0.00055464
943.95224657	0.00247357
944.19447354	0.00121926
944.43670726	0.00194020
944.67894771	0.00134526
944.92119491	0.00172314
945.16344883	0.00156098
945.40570949	0.00286217
945.64797688	0.00039795
945.89025099	0.00127957
946.13253182	0.00142025
946.37481937	0.00185181
946.61711363	0.00162802
946.85941461	0.00192550
947.10172229	0.00130364
947.34403668	0.00298007
947.58635776	0.00109992
947.82868555	0.00239858
948.07102003	0.00100348
948.31336121	0.00202204
948.55570907	0.00157299
948.79806361	0.00347460
949.04042484	0.00118981
949.28279275	0.00254867
949.52516733	0.00208369
949.76754858	0.00270272
950.00993651	0.00338347
950.25233109	0.00500363
950.49473234	0.00484547
950.73714025	0.00570309
950.97955482	0.00333790
951.22197603	0.00431616
951.46440390	0.00318647
951.70683841	0.00267592
951.94927956	0.00228726
952.19172736	0.00249910
952.43418178	0.00229260
952.67664284	0.00287561
952.91911053	0.00205692
953.16158485	0.00330580
953.40406579	0.00220151
953.64655335	0.00267064
953.88904752	0.00194692
954.13154831	0.00240254
954.37405571	0.00102500
954.61656971	0.00309133
954.85909032	0.00105986
955.10161752	0.00293180
955.34415133	0.00171237
955.58669172	0.00251784
955.82923871	0.00143769
956.07179228	0.00127294
956.31435244	0.00174199
956.55691917	0.00250040
956.79949249	0.00281389
957.04207237	0.00160118
957.28465883	0.00215332
957.52725185	0.00304046
957.76985144	0.00062297
958.01245759	0.00158506
958.25507030	0.00120447
958.49768956	0.00199112
958.74031537	0.00076896
958.98294772	0.00130103
959.22558662	0.00121253
959.46823207	0.00151937
959.71088405	0.00082532
959.95354256	0.00256609
960.19620760	0.00078651
960.43887918	0.00039243
960.68155727	0.00089630
960.92424189	0.00056809
961.16693303	-0.00049060
961.40963068	0.00117240
961.65233484	0.00086955
961.89504551	0.00149800
962.13776269	0.00258075
962.38048636	0.00194702
962.62321654	-0.00001083
962.86595321	0.00155835
963.10869637	0.00103979
963.35144602	0.00086545
963.59420215	-0.00025614
963.83696477	0.00126351
964.07973386	0.00085340
964.32250943	0.00100224
964.56529147	0.00052244
964.80807999	0.00130510
965.05087496	-0.00054572
965.29367640	0.00029592
965.53648430	0.00069536
965.77929865	0.00141366
966.02211946	0.00055328
966.26494671	0.00148737
966.50778041	0.00113486
966.75062055	0.00142834
966.99346713	0.00155972
967.23632015	0.00146450
967.47917960	0.00004947
967.72204548	0.00154886
967.96491779	0.00011773
968.20779651	0.00050916
968.45068166	0.00110265
968.69357323	0.00102098
968.93647120	0.00014057
969.17937559	0.00066990
969.42228639	0.00028793
969.66520358	0.00160928
969.90812718	0.00002790
970.15105717	0.00168696
970.39399356	0.00062159
970.63693633	0.00140022
970.87988550	0.00066716
971.12284104	0.00066313
971.36580297	0.00037089
971.60877128	0.00159322
971.85174595	0.00021959
972.09472700	0.00078380
972.33771442	0.00067520
972.58070819	0.00063360
972.82370833	0.00065658
973.06671483	0.00133052
973.30972768	-0.00049605
973.55274688	0.00147933
973.79577243	0.00040315
974.03880433	0.00134518
974.28184256	0.00047953
974.52488713	0.00149135
974.76793804	0.00028658
975.01099527	0.00210109
975.25405884	0.00149269
975.49712873	0.00190138
975.74020494	0.00098474
975.98328747	0.00193491
976.22637631	0.00036435
976.46947146	0.00164002
976.71257293	0.00084138
976.95568069	0.00081464
977.19879476	0.00154891
977.44191513	0.00165210
977.68504179	0.00007226
977.92817475	0.00175537
978.17131399	0.00003730
978.41445952	0.00042332
978.65761133	0.00062962
978.90076942	0.00029596
979.14393378	0.00031747
979.38710441	0.00130508
979.63028132	0.00007354
979.87346449	0.00151138
980.11665392	-0.00028961
980.35984961	0.00039914
980.60305156	0.00008962
980.84625976	0.00063645
981.08947421	-0.00080423
981.33269490	0.00125150
981.57592184	0.00079314
981.81915501	0.00128768
982.06239443	0.00059078
982.30564007	0.00076632
982.54889195	0.00036830
982.79215005	0.00088967
983.03541437	-0.00020647
983.27868491	0.00081324
983.52196167	-0.00017974
983.76524464	-0.00004172
984.00853383	-0.00013414
984.25182921	0.00001725
984.49513081	0.00028260
984.73843860	0.00029867
984.98175259	0.00017132
985.22507277	-0.00016500
985.46839914	-0.00088595
985.71173170	0.00180084
985.95507044	0.00081994
986.19841537	0.00094052
986.44176647	-0.00086989
986.68512374	-0.00009263
986.92848718	0.00028398
987.17185680	0.00053451
987.41523257	0.00043407
987.65861451	0.00109333
987.90200260	-0.00011406
988.14539685	0.00125821
988.38879725	-0.00037273
988.63220379	0.00094192
988.87561648	-0.00087256
989.11903531	0.00070869
989.36246028	-0.00057239
989.60589139	0.00031742
989.84932862	-0.00123433
990.09277198	0.00082125
990.33622147	0.00091643
990.57967708	-0.00026684
990.82313880	0.00067123
991.06660664	0.00140027
991.31008060	-0.00008735
991.55356066	0.00164420
991.79704682	-0.00036471
992.04053909	0.00051841
992.28403745	0.00000652
992.52754192	0.00092985
992.77105247	0.00066177
993.01456911	0.00045821
993.25809183	-0.00031375
993.50162064	-0.00007118
993.74515553	0.00015930
993.98869649	0.00091512
994.23224353	-0.00011137
994.47579663	0.00107986
994.71935580	-0.00021462
994.96292103	0.00062432
995.20649232	0.00023026
995.45006967	0.00043403
995.69365307	0.00024101
995.93724251	0.00106110
996.18083801	0.00005071
996.42443954	0.00081999
996.66804712	-0.00025878
996.91166073	0.00072478
997.15528038	-0.00046114
997.39890605	0.00045539
997.64253775	-0.00106687
997.88617547	0.00032404
998.12981922	-0.00048933
998.37346898	0.00018611
998.61712475	0.00040993
998.86078653	0.00084274
999.10445432	-0.00059379
999.34812812	0.00050775
999.59180791	0.00027862
999.83549370	0.00078647
1000.07918548	-0.00087921
1000.32288325	0.00168962
1000.56658701	0.00054124
1000.81029676	0.00102766
1001.05401248	-0.00084173
1001.29773418	0.00019548
1001.54146186	0.00061224
1001.78519550	-0.00042900
1002.02893512	0.00124607
1002.27268069	-0.00048400
1002.51643223	0.00033085
1002.76018973	-0.00110840
1003.00395318	-0.00073719
1003.24772258	-0.00074522
1003.49149793	0.00012712
1003.73527922	-0.00139920
1003.97906645	0.00109875
1004.22285962	0.00011245
1004.46665873	0.00116834
1004.71046376	-0.00122098
1004.95427473	-0.00000817
1005.19809162	0.00040590
1005.44191443	0.00166689
1005.68574316	0.00060819
1005.92957780	0.00005479
1006.17341836	-0.00038880
1006.41726482	0.00086144
1006.66111719	-0.00077343
1006.90497546	0.00209443
1007.14883963	0.00026512
1007.39270969	0.00121392
1007.63658565	0.00050379
1007.88046749	0.00042327
1008.12435522	-0.00020380
1008.36824884	0.00000787
1008.61214833	0.00027855
1008.85605369	0.00053583
1009.09996493	0.00064706
1009.34388204	0.00156635
1009.58780501	0.00073148
1009.83173385	0.00108263
1010.07566854	0.00059881
1010.31960910	0.00174061
1010.56355550	0.00092576
1010.80750775	0.00230206
1011.05146585	0.00086549
1011.29542979	0.00003196
1011.53939957	0.00021690
1011.78337519	0.00062433
1012.02735664	0.00007487
1012.27134392	-0.00007255
1012.51533702	0.00181023
1012.75933595	0.00031866
1013.00334070	-0.00026547
1013.24735127	0.00112293
1013.49136765	0.00092053
1013.73538983	0.00108262
1013.97941783	-0.00014493
1014.22345163	0.00108931
1014.46749123	-0.00041294
1014.71153662	0.00145638
1014.95558781	-0.00129736
1015.19964479	0.00011911
1015.44370756	-0.00032712
1015.68777611	0.00155564
1015.93185044	-0.00074128
1016.17593055	0.00056797
1016.42001643	0.00041258
1016.66410808	0.00094598
1016.90820550	0.00075968
1017.15230869	-0.00024538
1017.39641763	-0.00032989
1017.64053233	0.00056931
1017.88465279	-0.00071979
1018.12877900	0.00110264
1018.37291095	-0.00085115
1018.61704865	0.00133713
1018.86119209	-0.00069157
1019.10534127	0.00092575
1019.34949619	-0.00035937
1019.59365683	0.00101160
1019.83782320	0.00030404
1020.08199530	0.00122604
1020.32617312	0.00015125
1020.57035666	0.00224305
1020.81454591	0.00014191
1021.05874087	0.00010836
1021.30294155	-0.00074388
1021.54714792	0.00006817
1021.79136000	0.00004678
1022.03557778	0.00003333
1022.27980125	-0.00034724
1022.52403042	0.00001055
1022.76826527	-0.00050139
1023.01250581	-0.00005520
1023.25675203	-0.00333560
1023.50100393	-0.00279164
1023.74526151	-0.00326060
1023.98952476	-0.00288806
1024.23379367	-0.00367181
1024.47806826	-0.00241373
