197.75092074	0.00175713
197.95276100	0.00091630
198.15461887	0.00149246
198.35649434	0.00107671
198.55838743	0.00123579
198.76029811	0.00100993
198.96222640	0.00192160
199.16417227	0.00133072
199.36613574	0.00208199
199.56811680	0.00126925
199.77011545	0.00182533
199.97213167	0.00126117
200.17416547	0.00202177
200.37621685	0.00122383
200.57828581	0.00167964
200.78037233	0.00155132
200.98247641	0.00216215
201.18459806	0.00101391
201.38673727	0.00196704
201.58889403	0.00123843
201.79106835	0.00177979
201.99326021	0.00117963
202.19546962	0.00159276
202.39769657	0.00094038
202.59994106	0.00183470
202.80220309	0.00122513
203.00448265	0.00196839
203.20677974	0.00090429
203.40909436	0.00186144
203.61142650	0.00100989
203.81377616	0.00177056
204.01614334	0.00103665
204.21852802	0.00216220
204.42093022	0.00133472
204.62334993	0.00192554
204.82578714	0.00091495
205.02824185	0.00174643
205.23071405	0.00108075
205.43320375	0.00176786
205.63571094	0.00128395
205.83823561	0.00174646
206.04077777	0.00147772
206.24333741	0.00186274
206.44591453	0.00095109
206.64850912	0.00211404
206.85112118	0.00126653
207.05375071	0.00200579
207.25639770	0.00126388
207.45906215	0.00184539
207.66174406	0.00138287
207.86444343	0.00181864
208.06716024	0.00110080
208.26989450	0.00177586
208.47264621	0.00119575
208.67541536	0.00169566
208.87820194	0.00119166
209.08100596	0.00195897
209.28382742	0.00150313
209.48666630	0.00217285
209.68952260	0.00119166
209.89239632	0.00222104
210.09528747	0.00130132
210.29819603	0.00181595
210.50112199	0.00097915
210.70406537	0.00221164
210.90702615	0.00099788
211.11000434	0.00191893
211.31299992	0.00130397
211.51601290	0.00184533
211.71904327	0.00065034
211.92209103	0.00159540
212.12515617	0.00115830
212.32823870	0.00178389
212.53133860	0.00114491
212.73445588	0.00222770
212.93759053	0.00119036
213.14074255	0.00201786
213.34391194	0.00113151
213.54709869	0.00181596
213.75030280	0.00110481
213.95352426	0.00250574
214.15676308	0.00150847
214.36001924	0.00204451
214.56329275	0.00105800
214.76658361	0.00195766
214.96989180	0.00140291
215.17321733	0.00190284
215.37656019	0.00137482
215.57992038	0.00203652
215.78329790	0.00112215
215.98669274	0.00193631
216.19010490	0.00105141
216.39353438	0.00205924
216.59698117	0.00141358
216.80044527	0.00194032
217.00392668	0.00138012
217.20742539	0.00198036
217.41094140	0.00150449
217.61447471	0.00207797
217.81802531	0.00145369
218.02159320	0.00244557
218.22517838	0.00125983
218.42878084	0.00262469
218.63240058	0.00177188
218.83603760	0.00223706
219.03969190	0.00198974
219.24336346	0.00227716
219.44705229	0.00178255
219.65075839	0.00283193
219.85448174	0.00157403
220.05822236	0.00225837
220.26198022	0.00181863
220.46575534	0.00221566
220.66954771	0.00197504
220.87335732	0.00235999
221.07718417	0.00194163
221.28102826	0.00255787
221.48488958	0.00184808
221.68876814	0.00259796
221.89266392	0.00180255
222.09657693	0.00266611
222.30050716	0.00172907
222.50445461	0.00268218
222.70841927	0.00192821
222.91240114	0.00273430
223.11640023	0.00169030
223.32041651	0.00261130
223.52445000	0.00202848
223.72850069	0.00285193
223.93256857	0.00178925
224.13665365	0.00293887
224.34075591	0.00245769
224.54487536	0.00332520
224.74901199	0.00259933
224.95316580	0.00316743
225.15733679	0.00223303
225.36152494	0.00338801
225.56573027	0.00272094
225.76995276	0.00357517
225.97419242	0.00282121
226.17844923	0.00344146
226.38272320	0.00288808
226.58701432	0.00371819
226.79132259	0.00276105
226.99564801	0.00335194
227.19999057	0.00324901
227.40435027	0.00387062
227.60872711	0.00340406
227.81312108	0.00396677
228.01753218	0.00305249
228.22196040	0.00379305
228.42640575	0.00297896
228.63086822	0.00319282
228.83534780	0.00316738
229.03984450	0.00409384
229.24435831	0.00361390
229.44888922	0.00415934
229.65343724	0.00332917
229.85800236	0.00420340
230.06258457	0.00407376
230.26718388	0.00468872
230.47180028	0.00388927
230.67643377	0.00516185
230.88108434	0.00421544
231.08575199	0.00539051
231.29043671	0.00450419
231.49513852	0.00554952
231.69985739	0.00510969
231.90459333	0.00589174
232.10934633	0.00508698
232.31411640	0.00598534
232.51890352	0.00548671
232.72370770	0.00643978
232.92852892	0.00558698
233.13336720	0.00628476
233.33822252	0.00535438
233.54309488	0.00675129
233.74798428	0.00607891
233.95289071	0.00637697
234.15781417	0.00585567
234.36275467	0.00657352
234.56771218	0.00613369
234.77268672	0.00641845
234.97767828	0.00608558
235.18268685	0.00648666
235.38771244	0.00605748
235.59275503	0.00662431
235.79781463	0.00568323
236.00289123	0.00651606
236.20798482	0.00518196
236.41309542	0.00634758
236.61822300	0.00588777
236.82336758	0.00688767
237.02852914	0.00556296
237.23370768	0.00662427
237.43890320	0.00618853
237.64411569	0.00686090
237.84934516	0.00605487
238.05459160	0.00709213
238.25985500	0.00698926
238.46513537	0.00753463
238.67043269	0.00663233
238.87574697	0.00767099
239.08107821	0.00733010
239.28642639	0.00823509
239.49179152	0.00757071
239.69717359	0.00872299
239.90257260	0.00785548
240.10798855	0.00848107
240.31342143	0.00878588
240.51887124	0.00933529
240.72433798	0.00820707
240.92982164	0.00933931
241.13532222	0.00830057
241.34083972	0.00946089
241.54637413	0.00860802
241.75192545	0.00958120
241.95749368	0.00820704
242.16307881	0.00902908
242.36868084	0.00827115
242.57429977	0.00902374
242.77993559	0.00736619
242.98558830	0.00831524
243.19125790	0.00721381
243.39694438	0.00839555
243.60264775	0.00775926
243.80836799	0.00837009
244.01410510	0.00691301
244.21985909	0.00742904
244.42562994	0.00682081
244.63141766	0.00751859
244.83722224	0.00683146
245.04304367	0.00807467
245.24888196	0.00669111
245.45473711	0.00726858
245.66060909	0.00673259
245.86649793	0.00751724
246.07240360	0.00691569
246.27832612	0.00795705
246.48426546	0.00661631
246.69022164	0.00780598
246.89619465	0.00722718
247.10218448	0.00814017
247.30819114	0.00728068
247.51421461	0.00836877
247.72025490	0.00755866
247.92631200	0.00855196
248.13238590	0.00794899
248.33847662	0.00896630
248.54458413	0.00840619
248.75070844	0.00891682
248.95684955	0.00834335
249.16300745	0.00951439
249.36918214	0.00840484
249.57537362	0.00904780
249.78158188	0.00831124
249.98780691	0.00884465
250.19404872	0.00832331
250.40030731	0.00830200
250.60658266	0.00835813
250.81287478	0.00900239
251.01918366	0.00778462
251.22550931	0.00821905
251.43185170	0.00719778
251.63821085	0.00809875
251.84458675	0.00694116
252.05097940	0.00750796
252.25738879	0.00651061
252.46381492	0.00737957
252.67025778	0.00651472
252.87671738	0.00697987
253.08319371	0.00610558
253.28968676	0.00697185
253.49619654	0.00586368
253.70272304	0.00655475
253.90926625	0.00625531
254.11582618	0.00670050
254.32240282	0.00611634
254.52899617	0.00692242
254.73560622	0.00619385
254.94223296	0.00694517
255.14887641	0.00623800
255.35553655	0.00716697
255.56221338	0.00639305
255.76890690	0.00672181
255.97561710	0.00620454
256.18234398	0.00700131
256.38908754	0.00607490
256.59584778	0.00730068
256.80262468	0.00635829
257.00941825	0.00789558
257.21622849	0.00695849
257.42305539	0.00768167
257.62989894	0.00720580
257.83675915	0.00740770
258.04363601	0.00716839
258.25052952	0.00760549
258.45743968	0.00699596
258.66436647	0.00765094
258.87130990	0.00706543
259.07826997	0.00780605
259.28524667	0.00710153
259.49224000	0.00765229
259.69924995	0.00696785
259.90627652	0.00741162
260.11331972	0.00606817
260.32037952	0.00687025
260.52745594	0.00608288
260.73454897	0.00712954
260.94165860	0.00548004
261.14878484	0.00658419
261.35592767	0.00563513
261.56308710	0.00610426
261.77026313	0.00517392
261.97745574	0.00574737
262.18466493	0.00505893
262.39189071	0.00606819
262.59913307	0.00504422
262.80639200	0.00553885
263.01366751	0.00497342
263.22095958	0.00570327
263.42826823	0.00458438
263.63559343	0.00540783
263.84293519	0.00540246
264.05029351	0.00548538
264.25766838	0.00481161
264.46505981	0.00563907
264.67246777	0.00527285
264.87989229	0.00539177
265.08733334	0.00493591
265.29479092	0.00557764
265.50226505	0.00483306
265.70975570	0.00563912
265.91726287	0.00548670
266.12478657	0.00611634
266.33232679	0.00555619
266.53988353	0.00663496
266.74745678	0.00498009
266.95504654	0.00591849
267.16265281	0.00510975
267.37027559	0.00558698
267.57791486	0.00493462
267.78557063	0.00533969
267.99324289	0.00492261
268.20093165	0.00587699
268.40863689	0.00519661
268.61635861	0.00569664
268.82409682	0.00484777
269.03185150	0.00551213
269.23962266	0.00452832
269.44741029	0.00536910
269.65521439	0.00486785
269.86303495	0.00520734
270.07087197	0.00411519
270.27872545	0.00582089
270.48659538	0.00383716
270.69448177	0.00440528
270.90238460	0.00342810
271.11030388	0.00449613
271.31823960	0.00335859
271.52619176	0.00438654
271.73416035	0.00346148
271.94214537	0.00475552
272.15014683	0.00310728
272.35816470	0.00366742
272.56619900	0.00290010
272.77424972	0.00378496
272.98231686	0.00292149
273.19040040	0.00370746
273.39850035	0.00291340
273.60661671	0.00381973
273.81474948	0.00304177
274.02289864	0.00513781
274.23106419	0.00272498
274.43924614	0.00370346
274.64744448	0.00280649
274.85565920	0.00376095
275.06389030	0.00282122
275.27213779	0.00391067
275.48040165	0.00294552
275.68868188	0.00362723
275.89697848	0.00269559
276.10529145	0.00358980
276.31362078	0.00294015
276.52196647	0.00356443
276.73032852	0.00320353
276.93870692	0.00365804
277.14710167	0.00308323
277.35551276	0.00373557
277.56394020	0.00297225
277.77238398	0.00399889
277.98084410	0.00284925
278.18932055	0.00343484
278.39781332	0.00285199
278.60632243	0.00337868
278.81484786	0.00297624
279.02338961	0.00389323
279.23194767	0.00259529
279.44052205	0.00320477
279.64911274	0.00273297
279.85771974	0.00343877
280.06634304	0.00274904
280.27498264	0.00348693
280.48363854	0.00263010
280.69231073	0.00321152
280.90099921	0.00238677
281.10970399	0.00341597
281.31842504	0.00223840
281.52716238	0.00301374
281.73591599	0.00240678
281.94468588	0.00321414
282.15347203	0.00203124
282.36227446	0.00303106
282.57109315	0.00214217
282.77992810	0.00296693
282.98877931	0.00220226
283.19764678	0.00277577
283.40653049	0.00183604
283.61543045	0.00263941
283.82434666	0.00192292
284.03327911	0.00285063
284.24222780	0.00208202
284.45119272	0.00293887
284.66017388	0.00155398
284.86917126	0.00262209
285.07818487	0.00233861
285.28721470	0.00277574
285.49626075	0.00235867
285.70532301	0.00271698
285.91440149	0.00223303
286.12349618	0.00278519
286.33260707	0.00228118
286.54173416	0.00289481
286.75087745	0.00202847
286.96003694	0.00271025
287.16921262	0.00189216
287.37840449	0.00333315
287.58761254	0.00224507
287.79683678	0.00315546
288.00607719	0.00217152
288.21533378	0.00302309
288.42460655	0.00198575
288.63389548	0.00314874
288.84320058	0.00209672
289.05252185	0.00300167
289.26185927	0.00224112
289.47121285	0.00298159
289.68058258	0.00226514
289.88996846	0.00316212
290.09937049	0.00205792
290.30878866	0.00306448
290.51822298	0.00238279
290.72767342	0.00327435
290.93714001	0.00223295
291.14662272	0.00296823
291.35612156	0.00200034
291.56563652	0.00332381
291.77516760	0.00218223
291.98471480	0.00315410
292.19427811	0.00221429
292.40385754	0.00282929
292.61345307	0.00233863
292.82306470	0.00290275
293.03269244	0.00227981
293.24233627	0.00304843
293.45199620	0.00245494
293.66167221	0.00274637
293.87136432	0.00193629
294.08107251	0.00326903
294.29079678	0.00196432
294.50053712	0.00319416
294.71029355	0.00194830
294.92006604	0.00302307
295.12985460	0.00219963
295.33965922	0.00299631
295.54947991	0.00227983
295.75931666	0.00286937
295.96916946	0.00228118
296.17903831	0.00278645
296.38892320	0.00199242
296.59882415	0.00295354
296.80874113	0.00198706
297.01867416	0.00267816
297.22862322	0.00225711
297.43858831	0.00300034
297.64856943	0.00245627
297.85856657	0.00316204
298.06857974	0.00208196
298.27860892	0.00328774
298.48865412	0.00228249
298.69871533	0.00330374
298.90879256	0.00216756
299.11888578	0.00350695
299.32899501	0.00250167
299.53912024	0.00308194
299.74926146	0.00254047
299.95941868	0.00348421
300.16959189	0.00276630
300.37978108	0.00361523
300.58998625	0.00308455
300.80020740	0.00385988
301.01044453	0.00266477
301.22069764	0.00386389
301.43096671	0.00333586
301.64125175	0.00417137
301.85155275	0.00341607
302.06186971	0.00381444
302.27220262	0.00338393
302.48255149	0.00447747
302.69291631	0.00359783
302.90329708	0.00399483
303.11369379	0.00374226
303.32410644	0.00465392
303.53453503	0.00395480
303.74497955	0.00464854
303.95544000	0.00391068
304.16591637	0.00468865
304.37640867	0.00407106
304.58691690	0.00464057
304.79744103	0.00422213
305.00798109	0.00424889
305.21853705	0.00403634
305.42910892	0.00495067
305.63969669	0.00424757
305.85030037	0.00504420
306.06091994	0.00423684
306.27155540	0.00503620
306.48220676	0.00448679
306.69287400	0.00467125
306.90355713	0.00415263
307.11425614	0.00541853
307.32497103	0.00472343
307.53570179	0.00516588
307.74644842	0.00432103
307.95721093	0.00506836
308.16798929	0.00470343
308.37878352	0.00517925
308.58959360	0.00428498
308.80041954	0.00498675
309.01126133	0.00447615
309.22211897	0.00510978
309.43299246	0.00477152
309.64388178	0.00555887
309.85478695	0.00480629
310.06570795	0.00630217
310.27664478	0.00511371
310.48759744	0.00580357
310.69856593	0.00506830
310.90955023	0.00619522
311.12055036	0.00576873
311.33156630	0.00630749
311.54259806	0.00620993
311.75364562	0.00649867
311.96470899	0.00583031
312.17578816	0.00690502
312.38688313	0.00609622
312.59799389	0.00715776
312.80912045	0.00615104
313.02026280	0.00736620
313.23142093	0.00693039
313.44259485	0.00749851
313.65378455	0.00732749
313.86499002	0.00785415
314.07621126	0.00759077
314.28744828	0.00862272
314.49870106	0.00817626
314.70996960	0.00906658
314.92125390	0.00824048
315.13255396	0.00895164
315.34386978	0.00908533
315.55520134	0.00978441
315.76654865	0.00917886
315.97791170	0.01010922
316.18929050	0.00946359
316.40068503	0.01050087
316.61209529	0.00937530
316.82352128	0.01069207
317.03496301	0.01011593
317.24642045	0.01058109
317.45789362	0.01016535
317.66938250	0.01103696
317.88088709	0.01038058
318.09240740	0.01162780
318.30394341	0.01056777
318.51549513	0.01177617
318.72706255	0.01103028
318.93864567	0.01215713
319.15024448	0.01137920
319.36185898	0.01200339
319.57348917	0.01156901
319.78513504	0.01224003
319.99679660	0.01165861
320.20847383	0.01247799
320.42016674	0.01174009
320.63187531	0.01266512
320.84359956	0.01175205
321.05533947	0.01243915
321.26709504	0.01179087
321.47886627	0.01275470
321.69065316	0.01199669
321.90245570	0.01261029
322.11427388	0.01187638
322.32610771	0.01253941
322.53795719	0.01134712
322.74982230	0.01203282
322.96170304	0.01139123
323.17359942	0.01222800
323.38551143	0.01148745
323.59743906	0.01186036
323.80938231	0.01109440
324.02134119	0.01204884
324.23331567	0.01113588
324.44530578	0.01170663
324.65731149	0.01149815
324.86933280	0.01193258
325.08136972	0.01132974
325.29342224	0.01187380
325.50549035	0.01119866
325.71757406	0.01213182
325.92967335	0.01188178
326.14178823	0.01212507
326.35391870	0.01176546
326.56606474	0.01224804
326.77822636	0.01205154
326.99040355	0.01330140
327.20259631	0.01266113
327.41480464	0.01317310
327.62702853	0.01307415
327.83926799	0.01390024
328.05152299	0.01303675
328.26379356	0.01420647
328.47607967	0.01400320
328.68838133	0.01475710
328.90069853	0.01409948
329.11303127	0.01508865
329.32537955	0.01481063
329.53774336	0.01591614
329.75012270	0.01552977
329.96251757	0.01645750
330.17492797	0.01627305
330.38735388	0.01714460
330.59979531	0.01663127
330.81225226	0.01755092
331.02472471	0.01725828
331.23721268	0.01848943
331.44971615	0.01778362
331.66223511	0.01952540
331.87476958	0.01870060
332.08731954	0.01958819
332.29988499	0.01934490
332.51246593	0.02068177
332.72506236	0.02023382
332.93767426	0.02097711
333.15030164	0.02094631
333.36294450	0.02192221
333.57560283	0.02118691
333.78827663	0.02269356
334.00096589	0.02188745
334.21367061	0.02268685
334.42639079	0.02195829
334.63912643	0.02312399
334.85187752	0.02180055
335.06464405	0.02253848
335.27742604	0.02213609
335.49022346	0.02301967
335.70303632	0.02256386
335.91586462	0.02274430
336.12870835	0.02166423
336.34156751	0.02295815
336.55444209	0.02179652
336.76733210	0.02261866
336.98023752	0.02177921
337.19315836	0.02245030
337.40609462	0.02175115
337.61904628	0.02285658
337.83201335	0.02156123
338.04499582	0.02263870
338.25799369	0.02141427
338.47100695	0.02190086
338.68403561	0.02116952
338.89707966	0.02194227
339.11013909	0.02066159
339.32321391	0.02128458
339.53630411	0.02088090
339.74940968	0.02106397
339.96253062	0.02037421
340.17566694	0.02097847
340.38881862	0.01998521
340.60198567	0.02093164
340.81516807	0.01992242
341.02836583	0.02108005
341.24157895	0.01997449
341.45480741	0.02098784
341.66805123	0.02058280
341.88131038	0.02145567
342.09458488	0.02076849
342.30787471	0.02148511
342.52117988	0.02039560
342.73450038	0.02202775
342.94783620	0.02146502
343.16118735	0.02192351
343.37455382	0.02154791
343.58793560	0.02183264
343.80133270	0.02161216
344.01474511	0.02245958
344.22817283	0.02177653
344.44161586	0.02321487
344.65507418	0.02243414
344.86854780	0.02354241
345.08203672	0.02378434
345.29554092	0.02468533
345.50906042	0.02401693
345.72259520	0.02579489
345.93614526	0.02517592
346.14971060	0.02658075
346.36329121	0.02573190
346.57688709	0.02718508
346.79049825	0.02677067
347.00412466	0.02775048
347.21776634	0.02688019
347.43142328	0.02800179
347.64509547	0.02771975
347.85878292	0.02916339
348.07248561	0.02888002
348.28620355	0.02960590
348.49993673	0.03009248
348.71368515	0.03027161
348.92744880	0.03064186
349.14122769	0.03134774
349.35502181	0.03178216
349.56883115	0.03276194
349.78265571	0.03197867
349.99649549	0.03316300
350.21035049	0.03260565
350.42422070	0.03324328
350.63810612	0.03337015
350.85200675	0.03443152
351.06592257	0.03350391
351.27985360	0.03453855
351.49379982	0.03401455
351.70776124	0.03431802
351.92173785	0.03409077
352.13572964	0.03472175
352.34973661	0.03401315
352.56375877	0.03496902
352.77779610	0.03399847
352.99184860	0.03508923
353.20591628	0.03412815
353.41999912	0.03514006
353.63409712	0.03342498
353.84821029	0.03449039
354.06233861	0.03341027
354.27648208	0.03385013
354.49064071	0.03241042
354.70481448	0.03295188
354.91900339	0.03201746
355.13320745	0.03230350
355.34742664	0.03112713
355.56166097	0.03176605
355.77591042	0.03083172
355.99017501	0.03113659
356.20445471	0.02989064
356.41874954	0.03028361
356.63305949	0.02887736
356.84738455	0.03001366
357.06172472	0.02865679
357.27608000	0.02985721
357.49045038	0.02826774
357.70483587	0.02920349
357.91923645	0.02819561
358.13365212	0.02845897
358.34808289	0.02763828
358.56252875	0.02802450
358.77698969	0.02751920
358.99146571	0.02798179
359.20595681	0.02733999
359.42046298	0.02751513
359.63498423	0.02637362
359.84952054	0.02687364
360.06407192	0.02618912
360.27863836	0.02699787
360.49321986	0.02631475
360.70781642	0.02669980
360.92242802	0.02660484
361.13705468	0.02688964
361.35169638	0.02689500
361.56635312	0.02792020
361.78102490	0.02659821
361.99571172	0.02755533
362.21041356	0.02670383
362.42513044	0.02802857
362.63986235	0.02751921
362.85460927	0.02849773
363.06937122	0.02783335
363.28414818	0.02940666
363.49894015	0.02914738
363.71374713	0.03033052
363.92856912	0.03028094
364.14340611	0.03196928
364.35825810	0.03127152
364.57312509	0.03259222
364.78800707	0.03173135
365.00290404	0.03365900
365.21781599	0.03334749
365.43274293	0.03505991
365.64768485	0.03516546
365.86264174	0.03602902
366.07761361	0.03581648
366.29260045	0.03763717
366.50760225	0.03587935
366.72261902	0.03795261
366.93765075	0.03796461
367.15269743	0.03891108
367.36775907	0.03940571
367.58283566	0.04123840
367.79792720	0.03972377
368.01303368	0.04113271
368.22815510	0.04053262
368.44329145	0.04242407
368.65844275	0.04261798
368.87360897	0.04263672
369.08879012	0.04029595
369.30398619	0.03945519
369.51919718	0.03704768
369.73442309	0.03693662
369.94966392	0.03697550
370.16491966	0.03919711
370.38019030	0.03758372
370.59547585	0.03864105
370.81077630	0.03781231
371.02609165	0.03939231
371.24142189	0.03955947
371.45676702	0.04127453
371.67212704	0.04190681
371.88750195	0.04269947
372.10289174	0.04217418
372.31829640	0.04302700
372.53371594	0.04425280
372.74915035	0.04736208
372.96459963	0.04845565
373.18006378	0.05145401
373.39554279	0.05196726
373.61103665	0.05238838
373.82654537	0.05109172
374.04206895	0.05237499
374.25760737	0.05097272
374.47316064	0.05093255
374.68872875	0.04940867
374.90431169	0.04887401
375.11990948	0.04729928
375.33552209	0.04692767
375.55114954	0.04584085
375.76679181	0.04589835
375.98244890	0.04453349
376.19812082	0.04574594
376.41380754	0.04514045
376.62950909	0.04606145
376.84522544	0.04484900
377.06095659	0.04618434
377.27670255	0.04617102
377.49246331	0.04767358
377.70823887	0.04620037
377.92402921	0.04675655
378.13983435	0.04551470
378.35565428	0.04629135
378.57148898	0.04580474
378.78733847	0.04659472
379.00320273	0.04656269
379.21908177	0.04674327
379.43497558	0.04550666
379.65088415	0.04622064
379.86680749	0.04434233
380.08274559	0.04654941
380.29869844	0.04537033
380.51466605	0.04666432
380.73064841	0.04575406
380.94664551	0.04647318
381.16265736	0.04559218
381.37868395	0.04621652
381.59472528	0.04604136
381.81078134	0.04698781
382.02685213	0.04616164
382.24293765	0.04792494
382.45903789	0.04766817
382.67515286	0.04836336
382.89128254	0.04860935
383.10742693	0.04928843
383.32358604	0.04953301
383.53975986	0.05090590
383.75594838	0.04992878
383.97215160	0.05109841
384.18836952	0.05083097
384.40460213	0.05218916
384.62084943	0.05255671
384.83711143	0.05342160
385.05338810	0.05362226
385.26967946	0.05519020
385.48598550	0.05509660
385.70230621	0.05700285
385.91864159	0.05750537
386.13499165	0.05956128
386.35135636	0.06025385
386.56773574	0.06148764
386.78412978	0.06184186
387.00053848	0.06345135
387.21696182	0.06407565
387.43339981	0.06406100
387.64985245	0.06393129
387.86631974	0.06494059
388.08280166	0.06479616
388.29929821	0.06662746
388.51580940	0.06684820
388.73233522	0.06838806
388.94887566	0.06900693
389.16543073	0.07075815
389.38200042	0.07090915
389.59858472	0.07218447
389.81518363	0.07237155
390.03179716	0.07434730
390.24842529	0.07585925
390.46506802	0.07819049
390.68172535	0.07887359
390.89839728	0.08359109
391.11508380	0.08525521
391.33178491	0.08693549
391.54850061	0.08498120
391.76523089	0.08509755
391.98197575	0.08218608
392.19873519	0.08232113
392.41550920	0.08188531
392.63229778	0.08339984
392.84910093	0.08397195
393.06591864	0.08553205
393.28275092	0.08527801
393.49959774	0.08481541
393.71645913	0.08406958
393.93333506	0.08493050
394.15022554	0.08459355
394.36713057	0.08533688
394.58405013	0.08417396
394.80098423	0.08529009
395.01793287	0.08402416
395.23489604	0.08448919
395.45187373	0.08392918
395.66886595	0.08573652
395.88587269	0.08540229
396.10289395	0.08574045
396.31992972	0.08641419
396.53698000	0.08981103
396.75404479	0.09033631
396.97112409	0.09060912
397.18821788	0.08778446
397.40532618	0.08705583
397.62244897	0.08455754
397.83958625	0.08445055
398.05673802	0.08389043
398.27390427	0.08278901
398.49108501	0.08080789
398.70828022	0.08026378
398.92548991	0.07942305
399.14271407	0.07998169
399.35995270	0.07794725
399.57720580	0.07808625
399.79447335	0.07631369
400.01175537	0.07635254
400.22905184	0.07461601
400.44636276	0.07513068
400.66368813	0.07483134
400.88102795	0.07489546
401.09838221	0.07369367
401.31575091	0.07387551
401.53313404	0.07280737
401.75053161	0.07298517
401.96794361	0.07226868
402.18537003	0.07261223
402.40281087	0.07128876
402.62026614	0.07142916
402.83773582	0.07191301
403.05521991	0.07301734
403.27271841	0.07309618
403.49023132	0.07412006
403.70775863	0.07447164
403.92530034	0.07516403
404.14285645	0.07419767
404.36042695	0.07328064
404.57801184	0.07110432
404.79561112	0.07137854
405.01322478	0.07015793
405.23085282	0.07086106
405.44849524	0.07090783
405.66615203	0.07138773
405.88382319	0.07077812
406.10150872	0.07213085
406.31920861	0.07423102
406.53692286	0.07553165
406.75465147	0.07722671
406.97239443	0.07674544
407.19015175	0.07718126
407.40792341	0.07650483
407.62570941	0.07703414
407.84350976	0.07671079
408.06132444	0.07774279
408.27915346	0.07682308
408.49699680	0.07841644
408.71485448	0.07824666
408.93272648	0.07919443
409.15061280	0.07967836
409.36851344	0.08109796
409.58642839	0.08069424
409.80435766	0.08178765
410.02230123	0.08178509
410.24025911	0.08470720
410.45823128	0.08534501
410.67621776	0.08796503
410.89421853	0.08726970
411.11223359	0.08831653
411.33026294	0.08937929
411.54830658	0.09088036
411.76636450	0.09182019
411.98443669	0.09288025
412.20252317	0.09244041
412.42062391	0.09372370
412.63873892	0.09253254
412.85686820	0.09453518
413.07501174	0.09358737
413.29316953	0.09531307
413.51134159	0.09488660
413.72952789	0.09615795
413.94772845	0.09624877
414.16594325	0.09884876
414.38417229	0.09888489
414.60241557	0.09966422
414.82067309	0.09897847
415.03894484	0.10090615
415.25723082	0.10064540
415.47553102	0.10255171
415.69384545	0.10217335
415.91217410	0.10284439
416.13051696	0.10269739
416.34887404	0.10397392
416.56724533	0.10318913
416.78563082	0.10446716
417.00403052	0.10432961
417.22244441	0.10492036
417.44087250	0.10473178
417.65931479	0.10597375
417.87777126	0.10475597
418.09624192	0.10609141
418.31472677	0.10621306
418.53322579	0.10805512
418.75173900	0.10804177
418.97026637	0.10941865
419.18880792	0.11127937
419.40736363	0.11417489
419.62593351	0.11596871
419.84451755	0.11622272
420.06311574	0.11501287
420.28172809	0.11377904
420.50035459	0.11061640
420.71899523	0.11041450
420.93765002	0.10801363
421.15631895	0.10745220
421.37500202	0.10573706
421.59369923	0.10479074
421.81241056	0.10170689
422.03113602	0.10186468
422.24987561	0.09893843
422.46862931	0.09955070
422.68739714	0.10047438
422.90617908	0.10313588
423.12497513	0.10079372
423.34378529	0.09977655
423.56260955	0.09678217
423.78144792	0.09594274
424.00030038	0.09160754
424.21916694	0.09089908
424.43804759	0.08953969
424.65694232	0.09029355
424.87585115	0.08815872
425.09477405	0.08927497
425.31371104	0.08939662
425.53266210	0.09079500
425.75162723	0.08956772
425.97060643	0.08889653
426.18959969	0.08773231
426.40860702	0.08786597
426.62762840	0.08789673
426.84666384	0.08886049
427.06571334	0.08691014
427.28477688	0.08793154
427.50385447	0.08970402
427.72294610	0.09319700
427.94205177	0.09236288
428.16117148	0.09318623
428.38030521	0.09317418
428.59945298	0.09389604
428.81861478	0.09369700
429.03779059	0.09213695
429.25698043	0.08975226
429.47618428	0.08909590
429.69540215	0.08644240
429.91463402	0.08393999
430.13387991	0.08192554
430.35313979	0.08298155
430.57241368	0.08317669
430.79170156	0.08267128
431.01100343	0.08156444
431.23031930	0.08146957
431.44964915	0.08068504
431.66899298	0.08221694
431.88835080	0.08180921
432.10772259	0.08215269
432.32710836	0.08084665
432.54650809	0.08218210
432.76592180	0.08150973
432.98534946	0.08293071
433.20479109	0.08285188
433.42424667	0.08447728
433.64371621	0.08364706
433.86319970	0.08479802
434.08269714	0.08332497
434.30220852	0.08861053
434.52173384	0.09281194
434.74127310	0.09437608
434.96082630	0.08957038
435.18039342	0.08851034
435.39997448	0.08731931
435.61956945	0.08815465
435.83917835	0.08807585
436.05880117	0.08994331
436.27843790	0.09044588
436.49808854	0.09298046
436.71775309	0.09330929
436.93743155	0.09380517
437.15712390	0.09380796
437.37683016	0.09390423
437.59655031	0.09267557
437.81628435	0.09375706
438.03603228	0.09275048
438.25579410	0.09463397
438.47556979	0.09374245
438.69535937	0.09589988
438.91516282	0.09740776
439.13498015	0.10201162
439.35481134	0.10315585
439.57465640	0.10505544
439.79451532	0.10301010
440.01438809	0.10353146
440.23427473	0.10435105
440.45417522	0.10527725
440.67408955	0.10517973
440.89401773	0.10658068
441.11395976	0.10794685
441.33391562	0.11107762
441.55388532	0.11249179
441.77386885	0.11434452
441.99386622	0.11332601
442.21387740	0.11254393
442.43390242	0.11311207
442.65394125	0.11454763
442.87399389	0.11334871
443.09406035	0.11507183
443.31414062	0.11758745
443.53423470	0.11905124
443.75434258	0.11677218
443.97446426	0.11643919
444.19459974	0.11998304
444.41474900	0.12375528
444.63491206	0.12393309
444.85508891	0.12438627
445.07527954	0.12228233
445.29548395	0.12233305
445.51570214	0.12205103
445.73593410	0.12421381
445.95617983	0.12742477
446.17643933	0.12623893
446.39671259	0.12247619
446.61699962	0.12129442
446.83730040	0.12249893
447.05761493	0.12497179
447.27794322	0.12438227
447.49828525	0.12191594
447.71864103	0.12252016
447.93901055	0.12386246
448.15939380	0.12230902
448.37979079	0.12176367
448.60020152	0.12255090
448.82062596	0.12463230
449.04106414	0.12389715
449.26151603	0.12088930
449.48198165	0.11871185
449.70246098	0.11972511
449.92295401	0.12055104
450.14346076	0.12013552
450.36398122	0.11766641
450.58451537	0.11745128
450.80506322	0.11767704
451.02562477	0.11703803
451.24620001	0.11347705
451.46678894	0.11188769
451.68739155	0.11183418
451.90800785	0.11316964
452.12863782	0.11111752
452.34928147	0.10915278
452.56993879	0.10665814
452.79060978	0.10802964
453.01129444	0.10767286
453.23199276	0.10900029
453.45270473	0.10752840
453.67343037	0.10811667
453.89416965	0.10649786
454.11492259	0.10577320
454.33568917	0.10361709
454.55646939	0.10305832
454.77726325	0.10292472
454.99807075	0.10562887
455.21889188	0.10509421
455.43972665	0.10450881
455.66057503	0.10153965
455.88143704	0.10289923
456.10231267	0.10213191
456.32320192	0.10282562
456.54410478	0.10045829
456.76502125	0.10193680
456.98595133	0.10048906
457.20689500	0.09980596
457.42785228	0.09825661
457.64882316	0.09996500
457.86980763	0.10083791
458.09080569	0.10143290
458.31181734	0.09798265
458.53284257	0.10024575
458.75388138	0.10060138
458.97493377	0.10256510
459.19599973	0.10268678
459.41707926	0.10417578
459.63817236	0.10149031
459.85927902	0.09816184
460.08039925	0.09463670
460.30153303	0.09195116
460.52268037	0.09277594
460.74384125	0.09452451
460.96501569	0.09426375
461.18620367	0.09278129
461.40740519	0.09252722
461.62862024	0.09483718
461.84984884	0.09537052
462.07109096	0.09519672
462.29234661	0.09743459
462.51361579	0.09668456
462.73489849	0.10045034
462.95619470	0.10113461
463.17750443	0.10176553
463.39882767	0.10207986
463.62016442	0.10750584
463.84151468	0.11091841
464.06287844	0.10949078
464.28425569	0.10270408
464.50564644	0.10048767
464.72705068	0.09863086
464.94846841	0.09940087
465.16989963	0.09855889
465.39134433	0.09895442
465.61280251	0.09885150
465.83427416	0.10137527
466.05575928	0.10351555
466.27725788	0.10548595
466.49876994	0.10350870
466.72029546	0.10342444
466.94183444	0.10283240
467.16338688	0.10421849
467.38495277	0.10332277
467.60653211	0.10488432
467.82812489	0.10423336
468.04973112	0.10521983
468.27135078	0.10544037
468.49298389	0.10671698
468.71463042	0.10725587
468.93629039	0.10842284
469.15796378	0.10885055
469.37965060	0.11038494
469.60135083	0.10960708
469.82306448	0.11239818
470.04479155	0.11284193
470.26653202	0.11426847
470.48828590	0.11505970
470.71005319	0.11716778
470.93183387	0.11860473
471.15362795	0.12087327
471.37543543	0.12196153
471.59725630	0.12399606
471.81909055	0.12483539
472.04093818	0.12502255
472.26279920	0.12476327
472.48467360	0.12641682
472.70656136	0.12814400
472.92846250	0.13235875
473.15037701	0.13525819
473.37230488	0.13661379
473.59424611	0.13526482
473.81620070	0.13442678
474.03816864	0.13478888
474.26014993	0.13630763
474.48214457	0.13818703
474.70415256	0.13872844
474.92617389	0.13685168
475.14820855	0.13684747
475.37025655	0.13740225
475.59231788	0.13901719
475.81439254	0.14004256
476.03648052	0.14179081
476.25858183	0.14278163
476.48069645	0.14364774
476.70282439	0.14233228
476.92496564	0.14358494
477.14712019	0.14307688
477.36928806	0.14596305
477.59146922	0.14408357
477.81366369	0.14627310
478.03587144	0.14819009
478.25809249	0.15162962
478.48032683	0.15133947
478.70257446	0.15161222
478.92483537	0.14898140
479.14710955	0.15001469
479.36939701	0.15299828
479.59169775	0.15502770
479.81401175	0.15594182
480.03633902	0.15668116
480.25867955	0.15644852
480.48103334	0.15388875
480.70340038	0.15068846
480.92578068	0.15192896
481.14817423	0.15183944
481.37058102	0.15284195
481.59300106	0.15343136
481.81543434	0.15365337
482.03788085	0.15314396
482.26034060	0.15432311
482.48281357	0.15565985
482.70529977	0.15871702
482.92779920	0.15928116
483.15031184	0.15800718
483.37283771	0.15390603
483.59537678	0.16110447
483.81792907	0.17492930
484.04049456	0.18409142
484.26307325	0.17155266
484.48566515	0.15910070
484.70827024	0.15389946
484.93088853	0.15666893
485.15352000	0.16010995
485.37616467	0.16227685
485.59882251	0.15754607
485.82149354	0.15152650
486.04417775	0.14679834
486.26687513	0.14497246
486.48958567	0.14407407
486.71230939	0.14379750
486.93504627	0.14379880
487.15779632	0.14451921
487.38055952	0.14237380
487.60333587	0.14301952
487.82612538	0.14192868
488.04892803	0.14115060
488.27174383	0.14152090
488.49457277	0.14151553
488.71741484	0.13983140
488.94027005	0.14004645
489.16313840	0.13916005
489.38601987	0.14064268
489.60891446	0.13866692
489.83182218	0.13823387
490.05474302	0.13679547
490.27767697	0.13806410
490.50062403	0.13727815
490.72358420	0.13817898
490.94655748	0.13612035
491.16954385	0.13615915
491.39254333	0.13667917
491.61555590	0.13770173
491.83858157	0.13684755
492.06162032	0.13747848
492.28467216	0.13641579
492.50773708	0.13745584
492.73081508	0.13705762
492.95390615	0.13713906
493.17701030	0.13486119
493.40012752	0.13503616
493.62325780	0.13439201
493.84640114	0.13708697
494.06955755	0.14078571
494.29272701	0.14479602
494.51590952	0.14593083
494.73910508	0.14451665
494.96231369	0.14223608
495.18553534	0.13798246
495.40877004	0.13654822
495.63201776	0.13655491
495.85527852	0.13549344
496.07855232	0.13645464
496.30183913	0.13714706
496.52513897	0.13835539
496.74845183	0.13943167
496.97177771	0.13875247
497.19511660	0.13883542
497.41846850	0.13897850
497.64183341	0.13966805
497.86521132	0.14149959
498.08860223	0.13950920
498.31200614	0.13908533
498.53542304	0.13851325
498.75885293	0.13995701
498.98229581	0.14044482
499.20575168	0.14421985
499.42922052	0.14631326
499.65270234	0.14854026
499.87619714	0.14621971
500.09970490	0.14797483
500.32322564	0.14834504
500.54675934	0.15136350
500.77030600	0.15033965
500.99386561	0.15156810
501.21743818	0.15262672
501.44102371	0.15622673
501.66462218	0.15676934
501.88823359	0.15784551
502.11185795	0.15551816
502.33549524	0.15882810
502.55914547	0.15783615
502.78280863	0.16121545
503.00648472	0.16154301
503.23017373	0.16365374
503.45387567	0.16484491
503.67759052	0.16557996
503.90131829	0.16244263
504.12505897	0.16465229
504.34881256	0.16533671
504.57257906	0.16756524
504.79635845	0.16825891
505.02015075	0.16890040
505.24395594	0.16774948
505.46777402	0.16751828
505.69160499	0.16890848
505.91544885	0.17416327
506.13930559	0.17626073
506.36317521	0.17789428
506.58705770	0.17787689
506.81095307	0.17984450
507.03486130	0.18035117
507.25878241	0.18164253
507.48271637	0.18203688
507.70666319	0.18486951
507.93062287	0.18524506
508.15459541	0.18848661
508.37858079	0.18805096
508.60257902	0.19011631
508.82659009	0.19061634
509.05061400	0.19260661
509.27465075	0.19217216
509.49870033	0.19381364
509.72276274	0.19373093
509.94683798	0.19442193
510.17092604	0.19401551
510.39502692	0.19594041
510.61914062	0.19550467
510.84326713	0.19948285
511.06740645	0.19971944
511.29155858	0.20104560
511.51572351	0.20109644
511.73990124	0.20162441
511.96409177	0.20221114
512.18829509	0.20503171
512.41251121	0.20623758
512.63674011	0.20632168
512.86098180	0.20487278
513.08523626	0.20466286
513.30950350	0.20352257
513.53378352	0.20507864
513.75807631	0.20515222
513.98238187	0.20660532
514.20670019	0.20565486
514.43103127	0.20889112
514.65537511	0.21097506
514.87973170	0.21350949
515.10410105	0.21293491
515.32848314	0.21205910
515.55287798	0.21061671
515.77728555	0.21279578
516.00170587	0.21250961
516.22613892	0.21489988
516.45058471	0.21235334
516.67504322	0.21497476
516.89951446	0.21575528
517.12399841	0.21684342
517.34849509	0.21770040
517.57300448	0.21912663
517.79752659	0.21766533
518.02206140	0.21584366
518.24660892	0.21463921
518.47116914	0.21388786
518.69574206	0.21134397
518.92032767	0.21084004
519.14492598	0.21102437
519.36953697	0.21422470
519.59416065	0.21482764
519.81879702	0.21332251
520.04344606	0.21254998
520.26810778	0.21268620
520.49278217	0.21432081
520.71746923	0.21254037
520.94216896	0.21386379
521.16688135	0.21364603
521.39160640	0.21262464
521.61634410	0.21172366
521.84109446	0.21452270
522.06585747	0.21303497
522.29063312	0.21179189
522.51542142	0.21033619
522.74022235	0.21100832
522.96503593	0.21118355
523.18986213	0.21053807
523.41470097	0.20904897
523.63955243	0.20969312
523.86441652	0.20905010
524.08929323	0.20889505
524.31418255	0.20638170
524.53908449	0.20791932
524.76399904	0.20663062
524.98892619	0.20814111
525.21386595	0.20716791
525.43881831	0.20617342
525.66378326	0.20435000
525.88876081	0.20485801
526.11375095	0.20310292
526.33875368	0.20506503
526.56376899	0.20580716
526.78879689	0.20768124
527.01383736	0.20497833
527.23889040	0.20544216
527.46395602	0.20403855
527.68903420	0.20401994
527.91412495	0.20409996
528.13922826	0.20411752
528.36434412	0.20267775
528.58947254	0.20277143
528.81461352	0.20131161
529.03976704	0.20083168
529.26493310	0.20042136
529.49011171	0.20103350
529.71530285	0.19989449
529.94050653	0.19972089
530.16572275	0.19773575
530.39095149	0.19801256
530.61619275	0.19768355
530.84144654	0.19939734
531.06671284	0.19925560
531.29199166	0.20122875
531.51728300	0.20041862
531.74258684	0.20167645
531.96790319	0.20116190
532.19323203	0.20203609
532.41857338	0.20193987
532.64392723	0.20264437
532.86929356	0.20251332
533.09467239	0.20271123
533.32006370	0.20173531
533.54546749	0.20148942
533.77088376	0.19935728
533.99631251	0.19914745
534.22175373	0.19628805
534.44720742	0.19676262
534.67267358	0.19514920
534.89815220	0.19726545
535.12364328	0.19675321
535.34914681	0.19993340
535.57466280	0.20073417
535.80019124	0.20145332
536.02573212	0.20166065
536.25128545	0.20214161
536.47685122	0.20183692
536.70242942	0.20310284
536.92802006	0.20424718
537.15362313	0.20586864
537.37923862	0.20561741
537.60486654	0.20653034
537.83050688	0.20536063
538.05615963	0.20614394
538.28182480	0.20358269
538.50750238	0.20589264
538.73319237	0.20617884
538.95889475	0.20791115
539.18460955	0.20778028
539.41033673	0.20778676
539.63607631	0.20855807
539.86182829	0.21088548
540.08759265	0.21055398
540.31336939	0.21243885
540.53915852	0.21291334
540.76496002	0.21547729
540.99077390	0.21390524
541.21660014	0.21522325
541.44243876	0.21444546
541.66828974	0.21780455
541.89415308	0.21875903
542.12002878	0.22084302
542.34591684	0.22253665
542.57181724	0.22424248
542.79772999	0.22623964
543.02365509	0.22931930
543.24959253	0.22891176
543.47554231	0.22923384
543.70150442	0.22844384
543.92747887	0.23068813
544.15346564	0.23114669
544.37946474	0.23370541
544.60547616	0.23434967
544.83149990	0.23860858
545.05753596	0.24036771
545.28358432	0.24612375
545.50964500	0.24750463
545.73571798	0.25053125
545.96180326	0.25175176
546.18790085	0.25355097
546.41401072	0.25307639
546.64013289	0.25307505
546.86626735	0.25233188
547.09241410	0.25302829
547.31857313	0.25204571
547.54474444	0.25337975
547.77092802	0.25433690
547.99712387	0.25758935
548.22333200	0.25770699
548.44955239	0.26072927
548.67578505	0.26052479
548.90202996	0.26242573
549.12828713	0.26441618
549.35455656	0.26628901
549.58083823	0.26924193
549.80713215	0.27456209
550.03343831	0.27759662
550.25975672	0.28018734
550.48608736	0.28325085
550.71243023	0.28569603
550.93878533	0.28671872
551.16515266	0.28901392
551.39153222	0.29307481
551.61792399	0.29498114
551.84432798	0.29665472
552.07074419	0.29932287
552.29717260	0.29721351
552.52361323	0.29709852
552.75006605	0.29734054
552.97653108	0.30254587
553.20300831	0.30556834
553.42949772	0.30932862
553.65599933	0.30913743
553.88251313	0.31305689
554.10903911	0.31354190
554.33557727	0.31316915
554.56212762	0.31009591
554.78869013	0.31214388
555.01526482	0.31395396
555.24185167	0.31760198
555.46845069	0.31913123
555.69506187	0.32272825
555.92168520	0.32350239
556.14832070	0.32897492
556.37496834	0.32925305
556.60162813	0.33131177
556.82830007	0.33184759
557.05498415	0.33536866
557.28168037	0.33632331
557.50838872	0.34223704
557.73510920	0.34486517
557.96184181	0.34909614
558.18858655	0.35103561
558.41534341	0.35348456
558.64211239	0.35886217
558.86889348	0.36072448
559.09568669	0.36303448
559.32249201	0.36605810
559.54930943	0.36790550
559.77613895	0.37187304
560.00298057	0.37345422
560.22983429	0.37366291
560.45670010	0.37080366
560.68357800	0.37044688
560.91046798	0.37254403
561.13737005	0.37731771
561.36428420	0.38070765
561.59121042	0.38297881
561.81814872	0.38192013
562.04509908	0.38444396
562.27206152	0.38230648
562.49903601	0.38405085
562.72602257	0.38184664
562.95302118	0.38439061
563.18003184	0.38586615
563.40705456	0.38606140
563.63408932	0.38371828
563.86113612	0.38548141
564.08819497	0.38705067
564.31526585	0.38866278
564.54234876	0.38899683
564.76944371	0.39004234
564.99655068	0.39169457
565.22366968	0.39367182
565.45080069	0.39484016
565.67794373	0.39766582
565.90509877	0.39787831
566.13226583	0.39933022
566.35944490	0.40167481
566.58663596	0.40577603
566.81383903	0.40636943
567.04105410	0.40956951
567.26828116	0.41072734
567.49552021	0.41374032
567.72277125	0.41607449
567.95003428	0.41882820
568.17730928	0.41885076
568.40459627	0.41722923
568.63189522	0.41481254
568.85920615	0.41880267
569.08652905	0.42244413
569.31386391	0.42581827
569.54121073	0.42586204
569.76856952	0.43413811
569.99594025	0.43608318
570.22332294	0.43082672
570.45071757	0.41995643
570.67812415	0.41442895
570.90554268	0.41694058
571.13297314	0.42586732
571.36041553	0.43023743
571.58786986	0.42462687
571.81533612	0.42178354
572.04281430	0.42634464
572.27030441	0.43032704
572.49780643	0.43094852
572.72532037	0.42820949
572.95284622	0.43041503
573.18038398	0.43195229
573.40793364	0.42474581
573.63549521	0.41522421
573.86306868	0.41088128
574.09065404	0.41293841
574.31825129	0.41769468
574.54586044	0.41823196
574.77348147	0.41661036
575.00111438	0.41370846
575.22875918	0.41336206
575.45641585	0.42093342
575.68408439	0.43821242
575.91176480	0.44539365
576.13945708	0.44409954
576.36716122	0.43517806
576.59487722	0.42850102
576.82260508	0.42161390
577.05034479	0.41299051
577.27809635	0.41113519
577.50585976	0.41056971
577.73363501	0.40490986
577.96142210	0.39857103
578.18922103	0.40266132
578.41703179	0.40114675
578.64485438	0.39946243
578.87268880	0.40963105
579.10053504	0.44246868
579.32839310	0.45229669
579.55626298	0.44330841
579.78414468	0.43263036
580.01203818	0.43544671
580.23994349	0.42903421
580.46786061	0.42181844
580.69578953	0.41609849
580.92373024	0.40951101
581.15168275	0.39869783
581.37964705	0.39247253
581.60762314	0.38841551
581.83561101	0.39232427
582.06361067	0.39470905
582.29162210	0.39663251
582.51964530	0.40278020
582.74768028	0.41590185
582.97572702	0.42062741
583.20378553	0.41813175
583.43185581	0.41717331
583.65993784	0.42092553
583.88803162	0.41441941
584.11613716	0.40941742
584.34425444	0.40564628
584.57238347	0.40400214
584.80052424	0.40228969
585.02867675	0.40521321
585.25684100	0.40717558
585.48501697	0.41010317
585.71320468	0.40408104
585.94140411	0.40272814
586.16961527	0.40424666
586.39783814	0.40625318
586.62607273	0.39996244
586.85431903	0.39460073
587.08257704	0.39135214
587.31084675	0.39585071
587.53912817	0.39831299
587.76742129	0.40041009
587.99572610	0.39710702
588.22404261	0.39590823
588.45237080	0.39414098
588.68071068	0.39423707
588.90906225	0.39367698
589.13742549	0.39389356
589.36580041	0.39845052
589.59418700	0.40401417
589.82258527	0.40391256
590.05099519	0.39954133
590.27941679	0.40566242
590.50785004	0.42350818
590.73629495	0.43136172
590.96475151	0.43508193
591.19321972	0.43241357
591.42169958	0.43798672
591.65019108	0.43684893
591.87869423	0.43734365
592.10720901	0.42642094
592.33573542	0.42124919
592.56427346	0.42163665
592.79282313	0.42625107
593.02138443	0.42539429
593.24995735	0.42620561
593.47854188	0.42533534
593.70713802	0.42432338
593.93574578	0.42315261
594.16436515	0.42475530
594.39299612	0.42277037
594.62163869	0.42481811
594.85029285	0.42814833
595.07895862	0.43199660
595.30763597	0.43536802
595.53632491	0.44390029
595.76502543	0.44508350
595.99373754	0.44515021
596.22246123	0.44493765
596.45119648	0.45763708
596.67994332	0.47240813
596.90870171	0.48117062
597.13747168	0.47225312
597.36625320	0.47096441
597.59504629	0.47955052
597.82385093	0.49131270
598.05266712	0.49435646
598.28149485	0.48677042
598.51033414	0.48143542
598.73918496	0.48557542
598.96804733	0.48739352
599.19692123	0.48557104
599.42580666	0.47747572
599.65470362	0.48107833
599.88361211	0.47915897
600.11253212	0.48043143
600.34146364	0.47643044
600.57040669	0.47496940
600.79936124	0.47479686
601.02832731	0.48595090
601.25730488	0.49357179
601.48629395	0.50049880
601.71529452	0.50034792
601.94430659	0.50966377
602.17333015	0.51083622
602.40236521	0.51269417
602.63141174	0.50846223
602.86046976	0.51335738
603.08953926	0.52514725
603.31862024	0.52884629
603.54771269	0.53014044
603.77681661	0.54291833
604.00593199	0.54583660
604.23505884	0.54882305
604.46419715	0.54823871
604.69334691	0.55554409
604.92250813	0.55996065
605.15168080	0.57119233
605.38086492	0.57762454
605.61006048	0.57803373
605.83926748	0.57027268
606.06848591	0.57029513
606.29771579	0.57192476
606.52695709	0.57323628
606.75620981	0.56806964
606.98547397	0.56667002
607.21474954	0.56422105
607.44403653	0.56531167
607.67333493	0.57056120
607.90264475	0.57895734
608.13196597	0.57955244
608.36129860	0.57855389
608.59064263	0.57712211
608.81999805	0.58302385
609.04936487	0.58837495
609.27874309	0.58959528
609.50813268	0.59016631
609.73753367	0.59137861
609.96694603	0.58975721
610.19636978	0.59306429
610.42580489	0.59492765
610.65525138	0.59688051
610.88470924	0.60025344
611.11417846	0.60441863
611.34365905	0.60690254
611.57315099	0.60678225
611.80265429	0.60480639
612.03216894	0.60802527
612.26169494	0.61136834
612.49123228	0.62189698
612.72078097	0.62757579
612.95034099	0.62939084
613.17991235	0.62818223
613.40949504	0.63244393
613.63908906	0.63075300
613.86869441	0.62620023
614.09831108	0.62163760
614.32793907	0.62384070
614.55757837	0.62185554
614.78722899	0.62049880
615.01689091	0.61636668
615.24656414	0.61284032
615.47624868	0.61013631
615.70594451	0.61441637
615.93565164	0.62001228
616.16537006	0.62447406
616.39509977	0.62146788
616.62484077	0.62212832
616.85459305	0.62226736
617.08435661	0.62749663
617.31413145	0.62368675
617.54391756	0.62468131
617.77371494	0.62933335
618.00352359	0.63144667
618.23334350	0.62742186
618.46317467	0.62931324
618.69301710	0.62695281
618.92287078	0.62712769
619.15273571	0.62326176
619.38261189	0.62369006
619.61249931	0.62966356
619.84239797	0.63496258
620.07230787	0.63584342
620.30222900	0.63621775
620.53216137	0.62803533
620.76210496	0.63020101
620.99205977	0.63012863
621.22202581	0.63105382
621.45200306	0.63060590
621.68199153	0.63030920
621.91199121	0.62994020
622.14200210	0.63077573
622.37202419	0.63150576
622.60205748	0.62810338
622.83210197	0.62269643
623.06215765	0.62000687
623.29222453	0.61949076
623.52230259	0.62211478
623.75239184	0.62000416
623.98249226	0.61839718
624.21260387	0.61358349
624.44272665	0.61071350
624.67286061	0.60502563
624.90300573	0.60652947
625.13316202	0.60675286
625.36332947	0.60716561
625.59350807	0.60356737
625.82369784	0.60279227
626.05389875	0.60171811
626.28411081	0.59779970
626.51433402	0.59176042
626.74456837	0.59107405
626.97481386	0.59153808
627.20507049	0.59263446
627.43533824	0.59187152
627.66561713	0.58790577
627.89590714	0.58061179
628.12620828	0.58414856
628.35652053	0.57437158
628.58684390	0.57851431
628.81717838	0.56433128
629.04752397	0.56629482
629.27788067	0.56857170
629.50824847	0.56990688
629.73862737	0.56556731
629.96901736	0.56325949
630.19941845	0.55804435
630.42983063	0.55777332
630.66025389	0.56075969
630.89068824	0.55859754
631.12113367	0.55354223
631.35159017	0.55310541
631.58205775	0.55152225
631.81253640	0.55496716
632.04302611	0.55414645
632.27352689	0.55648848
632.50403873	0.56331750
632.73456162	0.55195225
632.96509557	0.55472724
633.19564057	0.54874027
633.42619661	0.55219788
633.65676370	0.55393680
633.88734183	0.55347831
634.11793100	0.55356332
634.34853120	0.54991177
634.57914243	0.55306215
634.80976469	0.54283574
635.04039797	0.54467657
635.27104228	0.54439913
635.50169760	0.54266405
635.73236394	0.54131246
635.96304128	0.54085038
636.19372964	0.53574364
636.42442900	0.53219655
636.65513936	0.53352070
636.88586071	0.52540009
637.11659307	0.52287467
637.34733641	0.52072149
637.57809074	0.51653750
637.80885606	0.51784111
638.03963236	0.51676972
638.27041963	0.51955690
638.50121789	0.51364775
638.73202711	0.50825814
638.96284730	0.50073791
639.19367846	0.49957997
639.42452057	0.50639648
639.65537365	0.49609927
639.88623768	0.49641566
640.11711267	0.50151299
640.34799860	0.49761296
640.57889548	0.49609595
640.80980330	0.49536504
641.04072206	0.49156677
641.27165176	0.49649579
641.50259238	0.50093913
641.73354394	0.50535078
641.96450642	0.49489071
642.19547983	0.49175125
642.42646415	0.49496515
642.65745939	0.48832809
642.88846554	0.48516023
643.11948261	0.48969289
643.35051057	0.48359349
643.58154945	0.48290263
643.81259922	0.48986815
644.04365988	0.48158593
644.27473144	0.49281536
644.50581389	0.49241823
644.73690723	0.49617768
644.96801145	0.49385082
645.19912655	0.49853507
645.43025252	0.49971414
645.66138937	0.49553287
645.89253709	0.49964740
646.12369568	0.49968848
646.35486513	0.49713410
646.58604544	0.49491108
646.81723661	0.49000557
647.04843863	0.49179146
647.27965150	0.49001484
647.51087522	0.48855530
647.74210978	0.48766280
647.97335518	0.48634140
648.20461142	0.48613490
648.43587850	0.48599681
648.66715640	0.48401919
648.89844513	0.49195493
649.12974469	0.49434670
649.36105507	0.49000553
649.59237626	0.48937852
649.82370827	0.49409251
650.05505109	0.49081342
650.28640472	0.49572622
650.51776915	0.49358070
650.74914439	0.48972274
650.98053042	0.49160255
651.21192724	0.49055194
651.44333486	0.49180163
651.67475327	0.48829595
651.90618246	0.49475437
652.13762243	0.49060417
652.36907318	0.49509558
652.60053471	0.50126877
652.83200701	0.49171110
653.06349007	0.49816349
653.29498391	0.49612888
653.52648850	0.52100632
653.75800385	0.58723184
653.98952996	0.61504973
654.22106682	0.59087073
654.45261443	0.55188926
654.68417278	0.54230356
654.91574188	0.53532290
655.14732171	0.54177362
655.37891228	0.53123091
655.61051359	0.54924879
655.84212562	0.53830033
656.07374838	0.52345579
656.30538186	0.51459712
656.53702606	0.51040147
656.76868097	0.51026168
657.00034660	0.51390213
657.23202294	0.51749402
657.46370999	0.52451776
657.69540773	0.52042923
657.92711618	0.52115891
658.15883533	0.52156470
658.39056516	0.52979301
658.62230569	0.53175975
658.85405690	0.53346673
659.08581880	0.53577729
659.31759138	0.53413912
659.54937463	0.54316938
659.78116856	0.53988868
660.01297315	0.54765826
660.24478842	0.55724298
660.47661434	0.55262601
660.70845093	0.55420817
660.94029818	0.55284542
661.17215607	0.56470004
661.40402462	0.56500144
661.63590382	0.56506775
661.86779366	0.57164242
662.09969414	0.57306952
662.33160526	0.57870967
662.56352701	0.58494426
662.79545939	0.58086322
663.02740240	0.58226372
663.25935604	0.58421198
663.49132030	0.58070849
663.72329517	0.58826743
663.95528066	0.59054755
664.18727676	0.59321755
664.41928346	0.59585880
664.65130078	0.59453584
664.88332869	0.59140030
665.11536720	0.59671499
665.34741631	0.60116951
665.57947600	0.60869731
665.81154629	0.60985818
666.04362716	0.62666293
666.27571861	0.61929985
666.50782064	0.62070365
666.73993325	0.63349458
666.97205643	0.62346525
667.20419017	0.63829991
667.43633449	0.63598476
667.66848936	0.63920815
667.90065479	0.63963286
668.13283078	0.64074582
668.36501732	0.64066642
668.59721441	0.64210455
668.82942204	0.65018817
669.06164022	0.65844957
669.29386894	0.65519440
669.52610819	0.66174444
669.75835797	0.66543131
669.99061829	0.67049225
670.22288913	0.66988001
670.45517049	0.67354938
670.68746237	0.67533403
670.91976477	0.68049255
671.15207768	0.67947263
671.38440110	0.68123214
671.61673503	0.68123844
671.84907945	0.68316751
672.08143438	0.68361269
672.31379981	0.68700379
672.54617573	0.68715622
672.77856214	0.69109185
673.01095903	0.68987785
673.24336641	0.69364392
673.47578427	0.69147946
673.70821261	0.69574622
673.94065142	0.69842925
674.17310070	0.70073778
674.40556044	0.70601794
674.63803065	0.71360416
674.87051132	0.71145614
675.10300245	0.71345413
675.33550403	0.71282864
675.56801606	0.71740864
675.80053854	0.71940152
676.03307147	0.72003388
676.26561483	0.72053942
676.49816863	0.72326893
676.73073287	0.72690885
676.96330754	0.73034617
677.19589263	0.72803980
677.42848815	0.73055143
677.66109409	0.73261425
677.89371045	0.73631063
678.12633722	0.73526661
678.35897440	0.73768605
678.59162199	0.73785304
678.82427999	0.73739288
679.05694839	0.73692801
679.28962718	0.73573036
679.52231638	0.73672737
679.75501596	0.73682636
679.98772593	0.73372238
680.22044628	0.73432916
680.45317702	0.73275053
680.68591814	0.73268366
680.91866963	0.73037665
681.15143149	0.73131478
681.38420372	0.72751575
681.61698632	0.73117832
681.84977928	0.72993830
682.08258260	0.72998091
682.31539627	0.72971472
682.54822030	0.73503243
682.78105467	0.73504320
683.01389939	0.73610448
683.24675446	0.73633966
683.47961986	0.73870157
683.71249560	0.73829676
683.94538167	0.74009198
684.17827807	0.74001451
684.41118479	0.74167482
684.64410184	0.74347133
684.87702921	0.74419467
685.10996689	0.74094503
685.34291489	0.74263570
685.57587320	0.73718323
685.80884181	0.73824334
686.04182073	0.73320101
686.27480995	0.73440795
686.50780946	0.73517260
686.74081926	0.73606314
686.97383936	0.73625573
687.20686974	0.73872189
687.43991041	0.73794927
687.67296136	0.74066408
687.90602258	0.74048513
688.13909408	0.74282038
688.37217585	0.73852686
688.60526788	0.73585824
688.83837018	0.73285607
689.07148274	0.72986847
689.30460555	0.72972534
689.53773862	0.72858511
689.77088194	0.72156593
690.00403551	0.71817856
690.23719932	0.71480992
690.47037338	0.71961948
690.70355767	0.71790064
690.93675219	0.72035630
691.16995695	0.72022378
691.40317193	0.72527815
691.63639714	0.72287046
691.86963257	0.72323139
692.10287822	0.71690458
692.33613408	0.71613574
692.56940015	0.71359360
692.80267643	0.71295338
693.03596292	0.70904447
693.26925961	0.70811668
693.50256649	0.70945752
693.73588357	0.70834674
693.96921084	0.70499534
694.20254831	0.70325629
694.43589595	0.70231657
694.66925378	0.70324955
694.90262179	0.70199296
695.13599997	0.70808753
695.36938832	0.70538446
695.60278684	0.70025775
695.83619553	0.69773934
696.06961438	0.69499527
696.30304339	0.69447382
696.53648255	0.69303805
696.76993187	0.69316888
697.00339134	0.68931509
697.23686095	0.69085524
697.47034070	0.68762967
697.70383060	0.68560287
697.93733063	0.68307653
698.17084079	0.67853305
698.40436108	0.67440362
698.63789150	0.67813209
698.87143204	0.67358431
699.10498270	0.67806107
699.33854348	0.67465361
699.57211437	0.67915964
699.80569537	0.67936438
700.03928647	0.67970391
700.27288768	0.67834709
700.50649899	0.67787641
700.74012039	0.67748500
700.97375189	0.67585119
701.20739348	0.67250827
701.44104516	0.67274195
701.67470692	0.66910050
701.90837876	0.67024751
702.14206067	0.66819975
702.37575266	0.66797636
702.60945472	0.66526547
702.84316685	0.66523188
703.07688904	0.65977797
703.31062130	0.66163894
703.54436361	0.65856706
703.77811597	0.65639069
704.01187838	0.65441926
704.24565085	0.65224797
704.47943335	0.64900381
704.71322590	0.65267075
704.94702848	0.65184715
705.18084110	0.65238032
705.41466375	0.64837407
705.64849643	0.64999697
705.88233913	0.64383168
706.11619186	0.64448831
706.35005460	0.63974684
706.58392736	0.63743400
706.81781012	0.63425947
707.05170290	0.63522332
707.28560568	0.63143051
707.51951846	0.63092276
707.75344124	0.62486488
707.98737402	0.62570920
708.22131679	0.62175012
708.45526954	0.62372706
708.68923229	0.62257027
708.92320501	0.62418384
709.15718771	0.62092509
709.39118039	0.62250379
709.62518304	0.61922735
709.85919566	0.61929961
710.09321824	0.62011632
710.32725079	0.62157749
710.56129329	0.62143334
710.79534575	0.62435669
711.02940817	0.62378044
711.26348053	0.62400095
711.49756284	0.62181397
711.73165509	0.62093844
711.96575728	0.62024593
712.19986940	0.61976903
712.43399146	0.61634529
712.66812345	0.61796844
712.90226537	0.61444590
713.13641720	0.61872334
713.37057896	0.61793757
713.60475064	0.61810592
713.83893222	0.61166807
714.07312372	0.60889297
714.30732512	0.60612443
714.54153643	0.60491191
714.77575764	0.60151909
715.00998874	0.60179998
715.24422974	0.59965851
715.47848062	0.59956231
715.71274140	0.59605454
715.94701205	0.59763353
716.18129259	0.59792477
716.41558301	0.60088324
716.64988330	0.59846627
716.88419346	0.59750776
717.11851348	0.59470439
717.35284337	0.59691023
717.58718312	0.59501720
717.82153273	0.59477143
718.05589219	0.58964910
718.29026151	0.59005920
718.52464067	0.58824565
718.75902967	0.58932676
718.99342852	0.58658114
719.22783720	0.58926655
719.46225572	0.58479144
719.69668407	0.58603703
719.93112225	0.58456372
720.16557025	0.58599968
720.40002808	0.58228474
720.63449572	0.58370565
720.86897317	0.58397293
721.10346044	0.58572419
721.33795752	0.58393298
721.57246440	0.58572419
721.80698108	0.58505177
722.04150756	0.58577369
722.27604384	0.58338057
722.51058991	0.58456667
722.74514577	0.58453959
722.97971141	0.58761308
723.21428683	0.58750333
723.44887203	0.59109279
723.68346701	0.59067570
723.91807176	0.59274331
724.15268628	0.59279695
724.38731057	0.59667768
724.62194462	0.59716291
724.85658842	0.60087237
725.09124198	0.59878848
725.32590530	0.60189764
725.56057836	0.60014146
725.79526117	0.60215689
726.02995373	0.60510329
726.26465602	0.60737958
726.49936805	0.60621002
726.73408981	0.60799606
726.96882130	0.60869633
727.20356252	0.60956804
727.43831346	0.60806827
727.67307412	0.60947294
727.90784449	0.60744779
728.14262458	0.60788771
728.37741438	0.60691036
728.61221389	0.60671920
728.84702310	0.61020163
729.08184201	0.61474793
729.31667061	0.61527855
729.55150891	0.61712195
729.78635691	0.61730008
730.02121458	0.62339019
730.25608194	0.62399979
730.49095898	0.62789090
730.72584570	0.63324598
730.96074210	0.64164920
731.19564816	0.64374227
731.43056389	0.64664168
731.66548928	0.64642407
731.90042434	0.64968162
732.13536905	0.65093149
732.37032342	0.65041824
732.60528744	0.64839294
732.84026110	0.64976294
733.07524441	0.64545717
733.31023736	0.64489465
733.54523995	0.64753603
733.78025217	0.65123101
734.01527403	0.64714317
734.25030551	0.64679834
734.48534662	0.64311395
734.72039735	0.64275854
734.95545769	0.64166492
735.19052766	0.64390679
735.42560723	0.64371562
735.66069641	0.64635040
735.89579520	0.64435879
736.13090359	0.64490668
736.36602157	0.64273440
736.60114916	0.64532782
736.83628633	0.64510316
737.07143309	0.64778182
737.30658944	0.65090306
737.54175537	0.65600279
737.77693088	0.65563693
738.01211596	0.65300484
738.24731062	0.64861085
738.48251485	0.64890621
738.71772864	0.64889286
738.95295199	0.65263172
739.18818491	0.64977133
739.42342738	0.65304100
739.65867940	0.65173629
739.89394097	0.65294318
740.12921209	0.65262517
740.36449275	0.65409017
740.59978295	0.65117756
740.83508268	0.65420796
741.07039195	0.65470792
741.30571075	0.65377752
741.54103907	0.65286180
741.77637692	0.65529318
742.01172429	0.65735864
742.24708117	0.66046266
742.48244757	0.66262693
742.71782348	0.66596433
742.95320889	0.66634050
743.18860381	0.67070085
743.42400823	0.67224602
743.65942214	0.67553855
743.89484555	0.67858929
744.13027845	0.68098055
744.36572084	0.68349777
744.60117271	0.69002513
744.83663406	0.69000093
745.07210488	0.69419965
745.30758519	0.69985150
745.54307496	0.70627744
745.77857420	0.70968877
746.01408290	0.71337127
746.24960107	0.71683649
746.48512869	0.71891220
746.72066576	0.72004604
746.95621229	0.72395462
747.19176827	0.72365401
747.42733369	0.72481170
747.66290855	0.72749312
747.89849285	0.72639430
748.13408658	0.73129484
748.36968974	0.73549622
748.60530234	0.73655914
748.84092435	0.73745994
749.07655579	0.73706964
749.31219665	0.74020296
749.54784692	0.74099966
749.78350661	0.74394049
750.01917570	0.74590557
750.25485420	0.74868196
750.49054210	0.74685608
750.72623939	0.75116584
750.96194609	0.74936630
751.19766217	0.75134907
751.43338765	0.75000960
751.66912251	0.75329395
751.90486675	0.75327660
752.14062037	0.75601142
752.37638337	0.74964990
752.61215573	0.74814623
752.84793747	0.74606614
753.08372858	0.74486568
753.31952904	0.74411025
753.55533887	0.74659008
753.79115805	0.74595912
754.02698658	0.74626261
754.26282447	0.74561859
754.49867170	0.74265457
754.73452827	0.74090753
754.97039418	0.74067078
755.20626943	0.73836375
755.44215401	0.74048251
755.67804792	0.74444844
755.91395116	0.74492572
756.14986372	0.74241403
756.38578560	0.74141268
756.62171680	0.74185922
756.85765731	0.74017760
757.09360713	0.74643781
757.32956626	0.74970333
757.56553469	0.75369361
757.80151242	0.75513081
758.03749945	0.75939887
758.27349577	0.76453194
758.50950138	0.77127071
758.74551628	0.77113698
758.98154047	0.77467566
759.21757393	0.77127067
759.45361667	0.77135622
759.68966869	0.76539024
759.92572998	0.76512961
760.16180053	0.76056592
760.39788035	0.76224901
760.63396943	0.75503175
760.87006776	0.75393820
761.10617535	0.75241830
761.34229220	0.75414812
761.57841829	0.74904718
761.81455362	0.75037597
762.05069820	0.74475350
762.28685201	0.74363864
762.52301506	0.74285625
762.75918734	0.74128176
762.99536885	0.73833692
763.23155958	0.73541864
763.46775954	0.73044738
763.70396871	0.72992488
763.94018710	0.72522845
764.17641470	0.72566186
764.41265151	0.72155377
764.64889752	0.71977186
764.88515274	0.71854108
765.12141715	0.72019563
765.35769076	0.72028388
765.59397356	0.71845818
765.83026555	0.71795261
766.06656673	0.71959813
766.30287709	0.71748622
766.53919662	0.72039343
766.77552534	0.71676954
767.01186322	0.71557595
767.24821028	0.70926639
767.48456650	0.70601416
767.72093188	0.70016157
767.95730642	0.69666063
768.19369012	0.69427590
768.43008297	0.69378409
768.66648498	0.69055856
768.90289612	0.69093368
769.13931641	0.69069729
769.37574584	0.69282150
769.61218441	0.69007450
769.84863211	0.68944784
770.08508894	0.68567649
770.32155489	0.68667903
770.55802997	0.68508709
770.79451417	0.68708538
771.03100749	0.68487674
771.26750992	0.68711890
771.50402146	0.68672335
771.74054210	0.69022815
771.97707185	0.68739286
772.21361070	0.69445917
772.45015865	0.69298065
772.68671569	0.69697891
772.92328182	0.69936911
773.15985704	0.70320550
773.39644135	0.70202395
773.63303473	0.70429878
773.86963719	0.69842635
774.10624873	0.69686250
774.34286933	0.69131354
774.57949901	0.69195543
774.81613774	0.68868188
775.05278554	0.68860272
775.28944240	0.68473142
775.52610831	0.68507637
775.76278327	0.68088576
775.99946728	0.68076010
776.23616034	0.67651429
776.47286244	0.67608670
776.70957357	0.67199734
776.94629374	0.67184235
777.18302294	0.66510904
777.41976117	0.66343020
777.65650842	0.65859768
777.89326470	0.65851606
778.13002999	0.65534283
778.36680430	0.65676923
778.60358762	0.65192477
778.84037995	0.65325454
779.07718129	0.64678881
779.31399162	0.64914008
779.55081096	0.64522881
779.78763929	0.64416861
780.02447662	0.64087117
780.26132293	0.64246585
780.49817823	0.63995137
780.73504251	0.64086448
780.97191577	0.63926667
781.20879800	0.63896469
781.44568921	0.63505725
781.68258939	0.63511747
781.91949853	0.63056060
782.15641663	0.62984943
782.39334370	0.62724783
782.63027972	0.62268702
782.86722470	0.61876900
783.10417862	0.61639346
783.34114149	0.61076578
783.57811330	0.60720482
783.81509406	0.60143917
784.05208375	0.59830595
784.28908237	0.59560562
784.52608992	0.59559870
784.76310640	0.59174241
785.00013180	0.59185313
785.23716613	0.58996436
785.47420937	0.58958612
785.71126152	0.58386071
785.94832258	0.58425483
786.18539255	0.58264585
786.42247143	0.58221671
786.65955920	0.58344211
786.89665587	0.58316834
787.13376144	0.58032648
787.37087589	0.58039328
787.60799924	0.57352767
787.84513147	0.57210388
788.08227257	0.56802273
788.31942256	0.56926588
788.55658142	0.56878341
788.79374915	0.56917358
789.03092575	0.56917524
789.26811121	0.57179899
789.50530554	0.57185949
789.74250872	0.57378570
789.97972076	0.57260543
790.21694164	0.57140341
790.45417138	0.56659394
790.69140996	0.56956799
790.92865738	0.56510730
791.16591364	0.56651892
791.40317874	0.56179080
791.64045266	0.56226237
791.87773542	0.55998739
792.11502700	0.56081504
792.35232740	0.55992741
792.58963662	0.55668958
792.82695466	0.55301751
793.06428151	0.55263942
793.30161716	0.54916262
793.53896162	0.54813174
793.77631489	0.54498481
794.01367695	0.54443966
794.25104781	0.53967021
794.48842746	0.54057908
794.72581590	0.53742422
794.96321312	0.53556213
795.20061913	0.53268700
795.43803392	0.53180185
795.67545748	0.52735457
795.91288982	0.52508046
796.15033092	0.52099014
796.38778079	0.52088870
796.62523942	0.51701758
796.86270682	0.52099008
797.10018297	0.51759623
797.33766787	0.51577144
797.57516152	0.51594259
797.81266392	0.51559777
798.05017506	0.51238816
798.28769494	0.51311550
798.52522356	0.50954613
798.76276091	0.51054883
799.00030699	0.50911177
799.23786180	0.51006487
799.47542533	0.50647561
799.71299758	0.50728283
799.95057855	0.50253475
800.18816824	0.50291712
800.42576663	0.49991473
800.66337373	0.50079708
800.90098953	0.49917011
801.13861404	0.49696184
801.37624724	0.49411455
801.61388913	0.49298636
801.85153972	0.48859782
802.08919899	0.48686419
802.32686695	0.48486150
802.56454359	0.48374536
802.80222890	0.48026712
803.03992289	0.47932325
803.27762555	0.47579289
803.51533688	0.47468988
803.75305688	0.47165685
803.99078553	0.47292572
804.22852284	0.47162629
804.46626881	0.47234134
804.70402343	0.47082143
804.94178670	0.47146453
805.17955861	0.46876424
805.41733916	0.47048460
805.65512835	0.46916280
805.89292618	0.46960781
806.13073264	0.46810261
806.36854772	0.46769202
806.60637143	0.46679518
806.84420377	0.46552385
807.08204472	0.46415240
807.31989429	0.46396785
807.55775247	0.46303739
807.79561925	0.46278097
808.03349465	0.46144271
808.27137864	0.46129677
808.50927124	0.45731619
808.74717243	0.45795521
808.98508221	0.45471760
809.22300058	0.45633760
809.46092754	0.45545256
809.69886308	0.45645521
809.93680720	0.45414965
810.17475990	0.45645259
810.41272117	0.45699423
810.65069100	0.46104965
810.88866941	0.46047774
811.12665637	0.46046833
811.36465190	0.45842289
811.60265598	0.46198277
811.84066862	0.45993917
812.07868980	0.46356259
812.31671954	0.46211507
812.55475781	0.46295332
812.79280463	0.46091870
813.03085998	0.46059680
813.26892386	0.45913285
813.50699628	0.46121569
813.74507722	0.45986410
813.98316669	0.46144802
814.22126467	0.46031871
814.45937117	0.46396252
814.69748619	0.46327705
814.93560972	0.46486746
815.17374175	0.46385558
815.41188229	0.46559733
815.65003133	0.46599985
815.88818886	0.46781232
816.12635489	0.46784063
816.36452942	0.46564689
816.60271242	0.46595438
816.84090392	0.46303757
817.07910389	0.46610531
817.31731234	0.46329959
817.55552927	0.46628586
817.79375466	0.46524582
818.03198853	0.46809597
818.27023086	0.46801427
818.50848165	0.47051121
818.74674090	0.47030141
818.98500860	0.47262337
819.22328475	0.47058084
819.46156936	0.47223716
819.69986240	0.46990298
819.93816389	0.47147517
820.17647382	0.46957162
820.41479218	0.46847924
820.65311898	0.46528050
820.89145420	0.46508271
821.12979785	0.46367121
821.36814992	0.46419790
821.60651041	0.46243737
821.84487931	0.46325142
822.08325663	0.46324080
822.32164236	0.46457229
822.56003649	0.46647848
822.79843902	0.46622007
823.03684995	0.46619893
823.27526928	0.46733788
823.51369700	0.46728328
823.75213311	0.46975753
823.99057760	0.46928017
824.22903048	0.47195796
824.46749174	0.47291072
824.70596137	0.47739842
824.94443938	0.47996869
825.18292576	0.48506201
825.42142050	0.49094139
825.65992360	0.49345549
825.89843507	0.49525890
826.13695489	0.49786565
826.37548306	0.49968772
826.61401959	0.50258969
826.85256446	0.50490895
827.09111767	0.50608006
827.32967923	0.50602379
827.56824912	0.50728296
827.80682734	0.50551296
828.04541389	0.50470708
828.28400878	0.50383289
828.52261198	0.50364148
828.76122351	0.50390249
828.99984335	0.50674981
829.23847151	0.50725226
829.47710797	0.51043497
829.71575275	0.51022266
829.95440582	0.51267008
830.19306720	0.51186951
830.43173688	0.51273972
830.67041485	0.51069329
830.90910111	0.51172619
831.14779566	0.50925469
831.38649849	0.50895943
831.62520961	0.50871864
831.86392900	0.51117299
832.10265666	0.51136401
832.34139260	0.51633420
832.58013681	0.51545181
832.81888928	0.51660546
833.05765001	0.51721919
833.29641900	0.52042976
833.53519624	0.51845283
833.77398174	0.51880471
834.01277548	0.51803990
834.25157747	0.51965612
834.49038770	0.51918015
834.72920617	0.52074687
834.96803288	0.52020676
835.20686781	0.52189922
835.44571098	0.52045971
835.68456237	0.52039933
835.92342198	0.52145009
836.16228981	0.51984860
836.40116586	0.51866397
836.64005012	0.51713369
836.87894258	0.51606824
837.11784326	0.51594507
837.35675213	0.51550534
837.59566921	0.51576737
837.83459448	0.51346836
838.07352794	0.51418214
838.31246959	0.51545327
838.55141943	0.51555750
838.79037745	0.51365007
839.02934365	0.51302596
839.26831803	0.51018910
839.50730058	0.50800644
839.74629130	0.50635392
839.98529019	0.50520294
840.22429723	0.50220059
840.46331244	0.50168058
840.70233581	0.49942956
840.94136733	0.49906861
841.18040699	0.49539399
841.41945481	0.49457435
841.65851077	0.49396998
841.89757486	0.49352515
842.13664710	0.48876622
842.37572747	0.48646152
842.61481597	0.48437767
842.85391259	0.48238575
843.09301734	0.48139126
843.33213021	0.48144463
843.57125120	0.48021246
843.81038030	0.48165988
844.04951751	0.47973666
844.28866283	0.48303807
844.52781626	0.48326142
844.76697778	0.48707403
845.00614740	0.48804972
845.24532512	0.49103209
845.48451092	0.49322018
845.72370482	0.49643777
845.96290680	0.49937056
846.20211686	0.50250938
846.44133499	0.50417631
846.68056121	0.50463498
846.91979549	0.50655729
847.15903784	0.50761186
847.39828826	0.50379660
847.63754674	0.50772689
847.87681327	0.50420716
848.11608786	0.50634738
848.35537050	0.50676850
848.59466120	0.50557886
848.83395993	0.50497982
849.07326671	0.50691155
849.31258153	0.50767330
849.55190438	0.50809046
849.79123526	0.50744751
850.03057417	0.50841648
850.26992111	0.50873080
850.50927607	0.50684064
850.74863905	0.50673903
850.98801004	0.50785940
851.22738905	0.50580575
851.46677606	0.50660530
851.70617108	0.50664944
851.94557411	0.50605566
852.18498513	0.50434620
852.42440415	0.50319379
852.66383116	0.50319663
852.90326616	0.50404523
853.14270915	0.50359888
853.38216012	0.50413491
853.62161907	0.50433939
853.86108599	0.50464153
854.10056089	0.50457469
854.34004376	0.50580717
854.57953459	0.50304824
854.81903339	0.50491976
855.05854015	0.50560664
855.29805486	0.50545836
855.53757753	0.50411622
855.77710815	0.50488640
856.01664671	0.50247448
856.25619322	0.50405335
856.49574767	0.50208023
856.73531005	0.50276876
856.97488037	0.50238103
857.21445862	0.50228493
857.45404479	0.50040126
857.69363889	0.50026109
857.93324091	0.49788960
858.17285085	0.49825717
858.41246870	0.49561852
858.65209446	0.49430698
858.89172813	0.49439935
859.13136971	0.49425082
859.37101918	0.49313322
859.61067655	0.49454094
859.85034182	0.49339539
860.09001498	0.49542854
860.32969602	0.49414514
860.56938495	0.49426297
860.80908176	0.49251576
861.04878645	0.49340325
861.28849902	0.49042360
861.52821945	0.48956939
861.76794775	0.48903752
862.00768392	0.48832245
862.24742795	0.48519438
862.48717984	0.48578681
862.72693958	0.48291921
862.96670718	0.48306355
863.20648262	0.48123882
863.44626591	0.48147020
863.68605704	0.47827115
863.92585600	0.47728329
864.16566281	0.47712965
864.40547744	0.47562183
864.64529991	0.47446147
864.88513020	0.47504707
865.12496831	0.47273853
865.36481424	0.47161940
865.60466799	0.46772811
865.84452955	0.46849035
866.08439892	0.46528443
866.32427609	0.46565623
866.56416107	0.46462165
866.80405384	0.46603863
867.04395442	0.46583245
867.28386278	0.46863599
867.52377893	0.46635263
867.76370287	0.46842714
868.00363460	0.46884456
868.24357410	0.46903168
868.48352138	0.46855569
868.72347643	0.46629275
868.96343925	0.46624968
869.20340984	0.46360546
869.44338819	0.45763437
869.68337431	0.45493001
869.92336817	0.45250103
870.16336980	0.45088908
870.40337917	0.44595225
870.64339629	0.44502725
870.88342115	0.44265983
871.12345375	0.44108919
871.36349409	0.43863775
871.60354216	0.43859057
871.84359797	0.43641425
872.08366150	0.43698131
872.32373275	0.43656563
872.56381173	0.43540959
872.80389842	0.43586505
873.04399283	0.43358482
873.28409495	0.43204187
873.52420477	0.43223603
873.76432230	0.43019583
874.00444753	0.43030130
874.24458046	0.42880321
874.48472108	0.42880546
874.72486940	0.42573513
874.96502540	0.42529008
875.20518908	0.42320455
875.44536045	0.42402132
875.68553950	0.41959135
875.92572622	0.42111010
876.16592061	0.41847394
876.40612267	0.41948044
876.64633239	0.41616670
876.88654978	0.41617756
877.12677482	0.41431399
877.36700752	0.41125957
877.60724787	0.40979577
877.84749587	0.40760320
878.08775152	0.40758754
878.32801481	0.40438555
878.56828573	0.40374667
878.80856429	0.40231777
879.04885049	0.40188064
879.28914431	0.40095726
879.52944576	0.39958947
879.76975483	0.39664315
880.01007152	0.39597339
880.25039582	0.39325716
880.49072774	0.39348582
880.73106726	0.39214770
880.97141440	0.39356749
881.21176913	0.39184291
881.45213147	0.39107174
881.69250140	0.38914836
881.93287892	0.38992482
882.17326403	0.38612310
882.41365673	0.38640500
882.65405701	0.38446806
882.89446488	0.38339989
883.13488032	0.38224644
883.37530333	0.38115695
883.61573391	0.37825339
883.85617206	0.37522169
884.09661777	0.37323525
884.33707104	0.37305495
884.57753187	0.36958845
884.81800025	0.36959778
885.05847618	0.36815041
885.29895966	0.36716747
885.53945068	0.36407830
885.77994924	0.36527353
886.02045534	0.36315996
886.26096898	0.36347682
886.50149014	0.36110542
886.74201883	0.36016570
886.98255505	0.35863253
887.22309878	0.35711537
887.46365004	0.35551516
887.70420880	0.35510198
887.94477508	0.35224267
888.18534887	0.35134311
888.42593016	0.34990340
888.66651895	0.35043814
888.90711524	0.34656667
889.14771902	0.34808283
889.38833030	0.34662308
889.62894906	0.34968682
889.86957531	0.34810402
890.11020904	0.34741169
890.35085024	0.34517656
890.59149893	0.34633163
890.83215508	0.34567793
891.07281870	0.34578332
891.31348979	0.34524468
891.55416834	0.34529972
891.79485434	0.34285184
892.03554781	0.34524450
892.27624872	0.34058359
892.51695708	0.34071453
892.75767289	0.33760105
892.99839614	0.33803558
893.23912683	0.33501707
893.47986495	0.33512138
893.72061051	0.33154565
893.96136349	0.33013547
894.20212390	0.32696846
894.44289174	0.32613158
894.68366699	0.32243158
894.92444966	0.32197172
895.16523974	0.31959230
895.40603723	0.31909513
895.64684213	0.31663004
895.88765442	0.31660057
896.12847412	0.31590148
896.36930122	0.31708698
896.61013570	0.31572656
896.85097758	0.31557931
897.09182685	0.31584003
897.33268349	0.31668098
897.57354752	0.31384023
897.81441892	0.31356204
898.05529770	0.31239118
898.29618384	0.31357153
898.53707735	0.31235660
898.77797823	0.31397928
899.01888647	0.31335907
899.25980206	0.31479723
899.50072501	0.31304355
899.74165530	0.31441761
899.98259295	0.31283089
900.22353793	0.31158103
900.46449026	0.31137248
900.70544993	0.31118667
900.94641693	0.30987939
901.18739126	0.31124412
901.42837291	0.30819651
901.66936189	0.30897719
901.91035820	0.30614188
902.15136182	0.30647062
902.39237275	0.30381589
902.63339099	0.30342147
902.87441655	0.30092711
903.11544940	0.29997393
903.35648956	0.29853834
903.59753702	0.29767340
903.83859177	0.29536748
904.07965381	0.29408285
904.32072314	0.29049904
904.56179975	0.28938144
904.80288365	0.28659580
905.04397482	0.28540725
905.28507327	0.28282343
905.52617899	0.28153218
905.76729198	0.27828886
906.00841223	0.27663549
906.24953975	0.27471041
906.49067452	0.27306616
906.73181655	0.27045969
906.97296584	0.26956387
907.21412237	0.26601626
907.45528614	0.26716592
907.69645716	0.26314882
907.93763542	0.26335874
908.17882091	0.26080544
908.42001363	0.26103820
908.66121359	0.25879106
908.90242077	0.25957699
909.14363517	0.25753693
909.38485679	0.25865999
909.62608563	0.25673247
909.86732168	0.25622585
910.10856493	0.25478472
910.34981540	0.25659474
910.59107307	0.25435155
910.83233793	0.25537574
911.07361000	0.25338103
911.31488926	0.25523521
911.55617570	0.25354958
911.79746933	0.25456278
912.03877015	0.25243617
912.28007815	0.25314988
912.52139332	0.25237192
912.76271566	0.25332100
913.00404518	0.25043902
913.24538186	0.25298281
913.48672571	0.25288510
913.72807671	0.25365795
913.96943488	0.25246795
914.21080019	0.25368593
914.45217266	0.25138138
914.69355228	0.25277573
914.93493903	0.25005513
915.17633293	0.25113541
915.41773397	0.24802477
915.65914214	0.25106584
915.90055744	0.24884546
916.14197987	0.24996300
916.38340942	0.24804344
916.62484609	0.24948056
916.86628988	0.24793253
917.10774079	0.24740600
917.34919880	0.24441277
917.59066393	0.24408267
917.83213616	0.24095995
918.07361549	0.24222868
918.31510191	0.23921691
918.55659544	0.23947757
918.79809605	0.23856064
919.03960375	0.23910187
919.28111854	0.23713150
919.52264040	0.23645374
919.76416935	0.23620106
920.00570537	0.23625307
920.24724847	0.23438445
920.48879863	0.23537084
920.73035585	0.23266270
920.97192014	0.23310526
921.21349149	0.23211860
921.45506989	0.23270674
921.69665535	0.23123369
921.93824785	0.23165880
922.17984740	0.23033667
922.42145399	0.23046233
922.66306762	0.22960283
922.90468828	0.23004929
923.14631598	0.22768456
923.38795071	0.22809770
923.62959246	0.22725274
923.87124124	0.22779152
924.11289703	0.22596023
924.35455984	0.22544422
924.59622967	0.22412886
924.83790650	0.22383065
925.07959034	0.22166644
925.32128118	0.22135653
925.56297902	0.21908787
925.80468386	0.21988993
926.04639569	0.21913732
926.28811451	0.21969198
926.52984032	0.21802115
926.77157311	0.21936055
927.01331288	0.21651185
927.25505963	0.21703594
927.49681335	0.21514950
927.73857404	0.21570440
927.98034170	0.21367679
928.22211632	0.21435704
928.46389790	0.21294018
928.70568644	0.21273687
928.94748193	0.21012899
929.18928438	0.21129460
929.43109377	0.20960215
929.67291010	0.20890979
929.91473337	0.20842457
930.15656359	0.20729631
930.39840073	0.20652909
930.64024481	0.20701693
930.88209581	0.20269118
931.12395374	0.20321514
931.36581859	0.20052568
931.60769036	0.19999219
931.84956904	0.19770907
932.09145463	0.19727986
932.33334713	0.19312803
932.57524654	0.19258526
932.81715285	0.18956818
933.05906605	0.18873411
933.30098615	0.18473046
933.54291314	0.18318243
933.78484702	0.17912140
934.02678778	0.17841398
934.26873543	0.17617774
934.51068995	0.17432104
934.75265135	0.17111283
934.99461962	0.16924289
935.23659476	0.16744469
935.47857677	0.16615200
935.72056563	0.16371788
935.96256136	0.16334884
936.20456394	0.15969277
936.44657337	0.15852320
936.68858965	0.15721328
936.93061278	0.15563970
937.17264275	0.15351836
937.41467956	0.15290752
937.65672320	0.14978745
937.89877368	0.15023921
938.14083099	0.14755107
938.38289512	0.14835044
938.62496607	0.14586001
938.86704385	0.14580379
939.10912844	0.14348605
939.35121984	0.14173745
939.59331805	0.14183642
939.83542307	0.14010250
940.07753489	0.13974042
940.31965351	0.13906388
940.56177893	0.13861607
940.80391114	0.13673933
941.04605014	0.13718170
941.28819593	0.13595992
941.53034850	0.13675261
941.77250785	0.13496278
942.01467398	0.13507914
942.25684688	0.13456850
942.49902655	0.13454169
942.74121299	0.13427443
942.98340619	0.13404036
943.22560615	0.13334536
943.46781287	0.13381847
943.71002635	0.13285072
943.95224657	0.13408718
944.19447354	0.13318618
944.43670726	0.13324246
944.67894771	0.13249256
944.92119491	0.13240685
945.16344883	0.13151266
945.40570949	0.13300043
945.64797688	0.13190434
945.89025099	0.13248311
946.13253182	0.13229853
946.37481937	0.13327850
946.61711363	0.13225985
946.85941461	0.13270894
947.10172229	0.13229856
947.34403668	0.13306723
947.58635776	0.13224924
947.82868555	0.13242036
948.07102003	0.13137363
948.31336121	0.13285066
948.55570907	0.13278913
948.79806361	0.13390962
949.04042484	0.13288287
949.28279275	0.13382660
949.52516733	0.13312198
949.76754858	0.13419946
950.00993651	0.13342417
950.25233109	0.13431182
950.49473234	0.13408177
950.73714025	0.13469002
950.97955482	0.13356989
951.22197603	0.13533705
951.46440390	0.13418737
951.70683841	0.13593190
951.94927956	0.13491739
952.19172736	0.13652142
952.43418178	0.13567663
952.67664284	0.13780339
952.91911053	0.13641307
953.16158485	0.13825527
953.40406579	0.13728741
953.64655335	0.13881664
953.88904752	0.13859202
954.13154831	0.13985132
954.37405571	0.13931650
954.61656971	0.14090465
954.85909032	0.14074825
955.10161752	0.14205696
955.34415133	0.14182571
955.58669172	0.14407942
955.82923871	0.14285371
956.07179228	0.14448982
956.31435244	0.14342456
956.55691917	0.14533469
956.79949249	0.14554458
957.04207237	0.14510475
957.28465883	0.14573701
957.52725185	0.14559686
957.76985144	0.14483611
958.01245759	0.14675311
958.25507030	0.14471852
958.49768956	0.14597641
958.74031537	0.14560054
958.98294772	0.14563282
959.22558662	0.14470780
959.46823207	0.14535464
959.71088405	0.14428007
959.95354256	0.14538683
960.19620760	0.14267989
960.43887918	0.14337779
960.68155727	0.14343117
960.92424189	0.14261176
961.16693303	0.14129650
961.40963068	0.14256480
961.65233484	0.14099418
961.89504551	0.14224946
962.13776269	0.14105444
962.38048636	0.14230841
962.62321654	0.14120418
962.86595321	0.14152216
963.10869637	0.14195143
963.35144602	0.14074434
963.59420215	0.14024556
963.83696477	0.14148481
964.07973386	0.14063595
964.32250943	0.14159045
964.56529147	0.14186974
964.80807999	0.14168672
965.05087496	0.14082581
965.29367640	0.14240584
965.53648430	0.14105306
965.77929865	0.14171347
966.02211946	0.14159841
966.26494671	0.14273065
966.50778041	0.14202894
966.75062055	0.14307835
966.99346713	0.14230028
967.23632015	0.14302073
967.47917960	0.14259835
967.72204548	0.14373063
967.96491779	0.14300212
968.20779651	0.14319853
968.45068166	0.14227897
968.69357323	0.14418908
968.93647120	0.14419176
969.17937559	0.14625035
969.42228639	0.14560467
969.66520358	0.14696153
969.90812718	0.14662342
970.15105717	0.14819403
970.39399356	0.14692288
970.63693633	0.14803631
970.87988550	0.14635060
971.12284104	0.14783846
971.36580297	0.14642696
971.60877128	0.14683993
971.85174595	0.14625440
972.09472700	0.14684260
972.33771442	0.14510606
972.58070819	0.14539088
972.82370833	0.14390164
973.06671483	0.14322796
973.30972768	0.14172009
973.55274688	0.14227350
973.79577243	0.14140058
974.03880433	0.14158772
974.28184256	0.14059055
974.52488713	0.14202476
974.76793804	0.14006638
975.01099527	0.14029515
975.25405884	0.13971638
975.49712873	0.13953045
975.74020494	0.13936197
975.98328747	0.13907868
976.22637631	0.13816562
976.46947146	0.13815100
976.71257293	0.13738757
976.95568069	0.13768717
977.19879476	0.13599609
977.44191513	0.13662438
977.68504179	0.13464864
977.92817475	0.13479033
978.17131399	0.13377565
978.41445952	0.13304720
978.65761133	0.13203795
978.90076942	0.13183612
979.14393378	0.13001815
979.38710441	0.13037921
979.63028132	0.12824689
979.87346449	0.12821877
980.11665392	0.12762253
980.35984961	0.12692070
980.60305156	0.12442229
980.84625976	0.12452929
981.08947421	0.12301336
981.33269490	0.12306420
981.57592184	0.12213670
981.81915501	0.12282370
982.06239443	0.12025311
982.30564007	0.11997636
982.54889195	0.12031579
982.79215005	0.11941484
983.03541437	0.11789101
983.27868491	0.11845781
983.52196167	0.11783084
983.76524464	0.11839217
984.00853383	0.11675872
984.25182921	0.11764377
984.49513081	0.11678675
984.73843860	0.11730830
984.98175259	0.11541261
985.22507277	0.11571472
985.46839914	0.11487927
985.71173170	0.11620268
985.95507044	0.11522556
986.19841537	0.11566260
986.44176647	0.11368020
986.68512374	0.11499551
986.92848718	0.11371365
987.17185680	0.11455446
987.41523257	0.11357454
987.65861451	0.11438327
987.90200260	0.11283935
988.14539685	0.11270692
988.38879725	0.11315083
988.63220379	0.11281795
988.87561648	0.11134220
989.11903531	0.11293566
989.36246028	0.11149454
989.60589139	0.11269498
989.84932862	0.11151075
990.09277198	0.11246515
990.33622147	0.11195987
990.57967708	0.11264969
990.82313880	0.11114566
991.06660664	0.11241290
991.31008060	0.11127273
991.55356066	0.11095457
991.79704682	0.11026342
992.04053909	0.11047589
992.28403745	0.11018871
992.52754192	0.10991187
992.77105247	0.10964727
993.01456911	0.10838117
993.25809183	0.10809521
993.50162064	0.10832780
993.74515553	0.10711533
993.98869649	0.10825167
994.23224353	0.10632672
994.47579663	0.10712479
994.71935580	0.10525730
994.96292103	0.10647095
995.20649232	0.10492306
995.45006967	0.10550056
995.69365307	0.10362505
995.93724251	0.10473063
996.18083801	0.10335239
996.42443954	0.10268931
996.66804712	0.10040472
996.91166073	0.10036209
997.15528038	0.09877261
997.39890605	0.09942506
997.64253775	0.09738502
997.88617547	0.09649080
998.12981922	0.09503510
998.37346898	0.09456180
998.61712475	0.09239765
998.86078653	0.09330525
999.10445432	0.09070520
999.34812812	0.09173988
999.59180791	0.08952224
999.83549370	0.09033770
1000.07918548	0.08864392
1000.32288325	0.08936319
1000.56658701	0.08766146
1000.81029676	0.08864125
1001.05401248	0.08659466
1001.29773418	0.08647707
1001.54146186	0.08670433
1001.78519550	0.08567096
1002.02893512	0.08607740
1002.27268069	0.08473127
1002.51643223	0.08569101
1002.76018973	0.08425132
1003.00395318	0.08448265
1003.24772258	0.08431148
1003.49149793	0.08455084
1003.73527922	0.08312853
1003.97906645	0.08508949
1004.22285962	0.08326888
1004.46665873	0.08465103
1004.71046376	0.08320611
1004.95427473	0.08409360
1005.19809162	0.08294935
1005.44191443	0.08399874
1005.68574316	0.08274082
1005.92957780	0.08341729
1006.17341836	0.08254168
1006.41726482	0.08316319
1006.66111719	0.08145215
1006.90497546	0.08398659
1007.14883963	0.08153105
1007.39270969	0.08259522
1007.63658565	0.08123964
1007.88046749	0.08144691
1008.12435522	0.07948182
1008.36824884	0.07984137
1008.61214833	0.07851125
1008.85605369	0.07888832
1009.09996493	0.07663323
1009.34388204	0.07736301
1009.58780501	0.07566001
1009.83173385	0.07642193
1010.07566854	0.07530168
1010.31960910	0.07543418
1010.56355550	0.07380200
1010.80750775	0.07404656
1011.05146585	0.07281005
1011.29542979	0.07306806
1011.53939957	0.07185550
1011.78337519	0.07266166
1012.02735664	0.07096673
1012.27134392	0.07153611
1012.51533702	0.07048809
1012.75933595	0.06975426
1013.00334070	0.06864468
1013.24735127	0.06907234
1013.49136765	0.06735608
1013.73538983	0.06851092
1013.97941783	0.06637480
1014.22345163	0.06670896
1014.46749123	0.06567039
1014.71153662	0.06547124
1014.95558781	0.06423339
1015.19964479	0.06494851
1015.44370756	0.06368268
1015.68777611	0.06384835
1015.93185044	0.06253950
1016.17593055	0.06318132
1016.42001643	0.06235128
1016.66410808	0.06273484
1016.90820550	0.06161190
1017.15230869	0.06163066
1017.39641763	0.06041835
1017.64053233	0.06127114
1017.88465279	0.06026449
1018.12877900	0.06104117
1018.37291095	0.05955340
1018.61704865	0.06070965
1018.86119209	0.05967233
1019.10534127	0.06053189
1019.34949619	0.05903207
1019.59365683	0.05979134
1019.83782320	0.05866848
1020.08199530	0.05862029
1020.32617312	0.05833962
1020.57035666	0.05889966
1020.81454591	0.05782224
1021.05874087	0.05868049
1021.30294155	0.05680100
1021.54714792	0.05695203
1021.79136000	0.05486134
1022.03557778	0.05578102
1022.27980125	0.05597617
1022.52403042	0.05935550
1022.76826527	0.05902670
1023.01250581	0.03594748
1023.25675203	-0.00015710
1023.50100393	0.00044312
1023.74526151	-0.00090437
1023.98952476	0.00055002
1024.23379367	-0.00063028
1024.47806826	0.00010356
