197.75092074	0.00126071
197.95276100	0.00054257
198.15461887	0.00136760
198.35649434	0.00064557
198.55838743	0.00164975
198.76029811	0.00051449
198.96222640	0.00182088
199.16417227	0.00088226
199.36613574	0.00153339
199.56811680	0.00097058
199.77011545	0.00165376
199.97213167	0.00076056
200.17416547	0.00153345
200.37621685	0.00047445
200.57828581	0.00171002
200.78037233	0.00050118
200.98247641	0.00141712
201.18459806	0.00063487
201.38673727	0.00133697
201.58889403	0.00089028
201.79106835	0.00153472
201.99326021	0.00063217
202.19546962	0.00134360
202.39769657	0.00093175
202.59994106	0.00154679
202.80220309	0.00085818
203.00448265	0.00155752
203.20677974	0.00064957
203.40909436	0.00168051
203.61142650	0.00069110
203.81377616	0.00160686
204.01614334	0.00082077
204.21852802	0.00115769
204.42093022	0.00085554
204.62334993	0.00160030
204.82578714	0.00076058
205.02824185	0.00093573
205.23071405	0.00075248
205.43320375	0.00105345
205.63571094	0.00081672
205.83823561	0.00148126
206.04077777	0.00095312
206.24333741	0.00141308
206.44591453	0.00079673
206.64850912	0.00150263
206.85112118	0.00106812
207.05375071	0.00156958
207.25639770	0.00052119
207.45906215	0.00153880
207.66174406	0.00051719
207.86444343	0.00145859
208.06716024	0.00054793
208.26989450	0.00137969
208.47264621	0.00079667
208.67541536	0.00146124
208.87820194	0.00074450
209.08100596	0.00193586
209.28382742	0.00097447
209.48666630	0.00160295
209.68952260	0.00081001
209.89239632	0.00147998
210.09528747	0.00065229
210.29819603	0.00128731
210.50112199	0.00073648
210.70406537	0.00134099
210.90702615	0.00049716
211.11000434	0.00126604
211.31299992	0.00067508
211.51601290	0.00127812
211.71904327	0.00060548
211.92209103	0.00123120
212.12515617	0.00046374
212.32823870	0.00164580
212.53133860	0.00059205
212.73445588	0.00182230
212.93759053	0.00049179
213.14074255	0.00144915
213.34391194	0.00064950
213.54709869	0.00156551
213.75030280	0.00056673
213.95352426	0.00163642
214.15676308	0.00092907
214.36001924	0.00130073
214.56329275	0.00066829
214.76658361	0.00150405
214.96989180	0.00084344
215.17321733	0.00123792
215.37656019	0.00111896
215.57992038	0.00139979
215.78329790	0.00090504
215.98669274	0.00159763
216.19010490	0.00049715
216.39353438	0.00168458
216.59698117	0.00051051
216.80044527	0.00151463
217.00392668	0.00059345
217.20742539	0.00166722
217.41094140	0.00055731
217.61447471	0.00156010
217.81802531	0.00059211
218.02159320	0.00182893
218.22517838	0.00055998
218.42878084	0.00127012
218.63240058	0.00105739
218.83603760	0.00128203
219.03969190	0.00087950
219.24336346	0.00128606
219.44705229	0.00100527
219.65075839	0.00150136
219.85448174	0.00101200
220.05822236	0.00171526
220.26198022	0.00067496
220.46575534	0.00157626
220.66954771	0.00045833
220.87335732	0.00133689
221.07718417	0.00068568
221.28102826	0.00144921
221.48488958	0.00071239
221.68876814	0.00119382
221.89266392	0.00075651
222.09657693	0.00136497
222.30050716	0.00035146
222.50445461	0.00170456
222.70841927	0.00088234
222.91240114	0.00173003
223.11640023	0.00102394
223.32041651	0.00142114
223.52445000	0.00052514
223.72850069	0.00164038
223.93256857	0.00076727
224.13665365	0.00128478
224.34075591	0.00070176
224.54487536	0.00132078
224.74901199	0.00092240
224.95316580	0.00172194
225.15733679	0.00041023
225.36152494	0.00140241
225.56573027	0.00080472
225.76995276	0.00149067
225.97419242	0.00098921
226.17844923	0.00119381
226.38272320	0.00081942
226.58701432	0.00147058
226.79132259	0.00057875
226.99564801	0.00123389
227.19999057	0.00059216
227.40435027	0.00156814
227.60872711	0.00093833
227.81312108	0.00122991
228.01753218	0.00028191
228.22196040	0.00162969
228.42640575	0.00065227
228.63086822	0.00159897
228.83534780	0.00069771
229.03984450	0.00113360
229.24435831	0.00055859
229.44888922	0.00143720
229.65343724	0.00092244
229.85800236	0.00154423
230.06258457	0.00073380
230.26718388	0.00146386
230.47180028	0.00049580
230.67643377	0.00161771
230.88108434	0.00072311
231.08575199	0.00139433
231.29043671	0.00095573
231.49513852	0.00171259
231.69985739	0.00037809
231.90459333	0.00118045
232.10934633	0.00106683
232.31411640	0.00146115
232.51890352	0.00070445
232.72370770	0.00142779
232.92852892	0.00064024
233.13336720	0.00128206
233.33822252	0.00083418
233.54309488	0.00212980
233.74798428	0.00101987
233.95289071	0.00142517
234.15781417	0.00091571
234.36275467	0.00154285
234.56771218	0.00080738
234.77268672	0.00137965
234.97767828	0.00085158
235.18268685	0.00135562
235.38771244	0.00077256
235.59275503	0.00166449
235.79781463	0.00106149
236.00289123	0.00157748
236.20798482	0.00078732
236.41309542	0.00168056
236.61822300	0.00092906
236.82336758	0.00168055
237.02852914	0.00067355
237.23370768	0.00160833
237.43890320	0.00099721
237.64411569	0.00152272
237.84934516	0.00086218
238.05459160	0.00115498
238.25985500	0.00110692
238.46513537	0.00150536
238.67043269	0.00077656
238.87574697	0.00153469
239.08107821	0.00068963
239.28642639	0.00181426
239.49179152	0.00072175
239.69717359	0.00125526
239.90257260	0.00071509
240.10798855	0.00133552
240.31342143	0.00074992
240.51887124	0.00147997
240.72433798	0.00107613
240.92982164	0.00164977
241.13532222	0.00064821
241.34083972	0.00154018
241.54637413	0.00069364
241.75192545	0.00155351
241.95749368	0.00071110
242.16307881	0.00179820
242.36868084	0.00086887
242.57429977	0.00167523
242.77993559	0.00089564
242.98558830	0.00162038
243.19125790	0.00078993
243.39694438	0.00153744
243.60264775	0.00086895
243.80836799	0.00171537
244.01410510	0.00073918
244.21985909	0.00103603
244.42562994	0.00074725
244.63141766	0.00129413
244.83722224	0.00113357
245.04304367	0.00189316
245.24888196	0.00072850
245.45473711	0.00143315
245.66060909	0.00097853
245.86649793	0.00162432
246.07240360	0.00074720
246.27832612	0.00145590
246.48426546	0.00060412
246.69022164	0.00157087
246.89619465	0.00114827
247.10218448	0.00147199
247.30819114	0.00068575
247.51421461	0.00177544
247.72025490	0.00065353
247.92631200	0.00153471
248.13238590	0.00063484
248.33847662	0.00165109
248.54458413	0.00119387
248.75070844	0.00153751
248.95684955	0.00107348
249.16300745	0.00170992
249.36918214	0.00067627
249.57537362	0.00147191
249.78158188	0.00090096
249.98780691	0.00141845
250.19404872	0.00105071
250.40030731	0.00094508
250.60658266	0.00076450
250.81287478	0.00139438
251.01918366	0.00082747
251.22550931	0.00170730
251.43185170	0.00065093
251.63821085	0.00152676
251.84458675	0.00067492
252.05097940	0.00162435
252.25738879	0.00056263
252.46381492	0.00157486
252.67025778	0.00076326
252.87671738	0.00118844
253.08319371	0.00082205
253.28968676	0.00141177
253.49619654	0.00066567
253.70272304	0.00108813
253.90926625	0.00088904
254.11582618	0.00129940
254.32240282	0.00093308
254.52899617	0.00149999
254.73560622	0.00073920
254.94223296	0.00168862
255.14887641	0.00089954
255.35553655	0.00172067
255.56221338	0.00120849
255.76890690	0.00179811
255.97561710	0.00074858
256.18234398	0.00138106
256.38908754	0.00081273
256.59584778	0.00127136
256.80262468	0.00085284
257.00941825	0.00149196
257.21622849	0.00094634
257.42305539	0.00150002
257.62989894	0.00104135
257.83675915	0.00132897
258.04363601	0.00115104
258.25052952	0.00154554
258.45743968	0.00042617
258.66436647	0.00141445
258.87130990	0.00067900
259.07826997	0.00186236
259.28524667	0.00103333
259.49224000	0.00126597
259.69924995	0.00070578
259.90627652	0.00162574
260.11331972	0.00110420
260.32037952	0.00189718
260.52745594	0.00070839
260.73454897	0.00179154
260.94165860	0.00092370
261.14878484	0.00182360
261.35592767	0.00065085
261.56308710	0.00137700
261.77026313	0.00085822
261.97745574	0.00140233
262.18466493	0.00115766
262.39189071	0.00170864
262.59913307	0.00102669
262.80639200	0.00125133
263.01366751	0.00080203
263.22095958	0.00138904
263.42826823	0.00074717
263.63559343	0.00171519
263.84293519	0.00117105
264.05029351	0.00163509
264.25766838	0.00079804
264.46505981	0.00165910
264.67246777	0.00099726
264.87989229	0.00141974
265.08733334	0.00063890
265.29479092	0.00151066
265.50226505	0.00068033
265.70975570	0.00155888
265.91726287	0.00083541
266.12478657	0.00159490
266.33232679	0.00094509
266.53988353	0.00181290
266.74745678	0.00030189
266.95504654	0.00184232
267.16265281	0.00084216
267.37027559	0.00129271
267.57791486	0.00050514
267.78557063	0.00157356
267.99324289	0.00077531
268.20093165	0.00157895
268.40863689	0.00074459
268.61635861	0.00166579
268.82409682	0.00086484
269.03185150	0.00164310
269.23962266	0.00116569
269.44741029	0.00181427
269.65521439	0.00097588
269.86303495	0.00135568
270.07087197	0.00082883
270.27872545	0.00257377
270.48659538	0.00068036
270.69448177	0.00155883
270.90238460	0.00062152
271.11030388	0.00142782
271.31823960	0.00084624
271.52619176	0.00168580
271.73416035	0.00098917
271.94214537	0.00174609
272.15014683	0.00086758
272.35816470	0.00133960
272.56619900	0.00063884
272.77424972	0.00168197
272.98231686	0.00081411
273.19040040	0.00162177
273.39850035	0.00070036
273.60661671	0.00147458
273.81474948	0.00139571
274.02289864	0.00362880
274.23106419	0.00147195
274.43924614	0.00165641
274.64744448	0.00084752
274.85565920	0.00150407
275.06389030	0.00072315
275.27213779	0.00195461
275.48040165	0.00103734
275.68868188	0.00160166
275.89697848	0.00080605
276.10529145	0.00157627
276.31362078	0.00075645
276.52196647	0.00148663
276.73032852	0.00099996
276.93870692	0.00165915
277.14710167	0.00116170
277.35551276	0.00176742
277.56394020	0.00078867
277.77238398	0.00173133
277.98084410	0.00076989
278.18932055	0.00178217
278.39781332	0.00083949
278.60632243	0.00140097
278.81484786	0.00094641
279.02338961	0.00171932
279.23194767	0.00090887
279.44052205	0.00153735
279.64911274	0.00088090
279.85771974	0.00164845
280.06634304	0.00094510
280.27498264	0.00187849
280.48363854	0.00095177
280.69231073	0.00135824
280.90099921	0.00061350
281.10970399	0.00169791
281.31842504	0.00095446
281.52716238	0.00163774
281.73591599	0.00103067
281.94468588	0.00196404
282.15347203	0.00072714
282.36227446	0.00128743
282.57109315	0.00064693
282.77992810	0.00168988
282.98877931	0.00109882
283.19764678	0.00181955
283.40653049	0.00087026
283.61543045	0.00171122
283.82434666	0.00063486
284.03327911	0.00163511
284.24222780	0.00080337
284.45119272	0.00239325
284.66017388	0.00049453
284.86917126	0.00125801
285.07818487	0.00112821
285.28721470	0.00152401
285.49626075	0.00120049
285.70532301	0.00128074
285.91440149	0.00078994
286.12349618	0.00187042
286.33260707	0.00098249
286.54173416	0.00178079
286.75087745	0.00041021
286.96003694	0.00181014
287.16921262	0.00071783
287.37840449	0.00122985
287.58761254	0.00087415
287.79683678	0.00159489
288.00607719	0.00066164
288.21533378	0.00201615
288.42460655	0.00091837
288.63389548	0.00174199
288.84320058	0.00107077
289.05252185	0.00147991
289.26185927	0.00089825
289.47121285	0.00168725
289.68058258	0.00111891
289.88996846	0.00170991
290.09937049	0.00104140
290.30878866	0.00173934
290.51822298	0.00094639
290.72767342	0.00168058
290.93714001	0.00106948
291.14662272	0.00137297
291.35612156	0.00088225
291.56563652	0.00157762
291.77516760	0.00112818
291.98471480	0.00165376
292.19427811	0.00068974
292.40385754	0.00152677
292.61345307	0.00071104
292.82306470	0.00164178
293.03269244	0.00097988
293.24233627	0.00133420
293.45199620	0.00097178
293.66167221	0.00116700
293.87136432	0.00106279
294.08107251	0.00141975
294.29079678	0.00096380
294.50053712	0.00174202
294.71029355	0.00076325
294.92006604	0.00179288
295.12985460	0.00106810
295.33965922	0.00152003
295.54947991	0.00117770
295.75931666	0.00181562
295.96916946	0.00115632
296.17903831	0.00150665
296.38892320	0.00087149
296.59882415	0.00160433
296.80874113	0.00071517
297.01867416	0.00177939
297.22862322	0.00094377
297.43858831	0.00136228
297.64856943	0.00091702
297.85856657	0.00164179
298.06857974	0.00080877
298.27860892	0.00206021
298.48865412	0.00092904
298.69871533	0.00167375
298.90879256	0.00066697
299.11888578	0.00175948
299.32899501	0.00088754
299.53912024	0.00164168
299.74926146	0.00106413
299.95941868	0.00149061
300.16959189	0.00090236
300.37978108	0.00147731
300.58998625	0.00096657
300.80020740	0.00186498
301.01044453	0.00100122
301.22069764	0.00190380
301.43096671	0.00092637
301.64125175	0.00219935
301.85155275	0.00104806
302.06186971	0.00182895
302.27220262	0.00064428
302.48255149	0.00181556
302.69291631	0.00089427
302.90329708	0.00169794
303.11369379	0.00073119
303.32410644	0.00184096
303.53453503	0.00073657
303.74497955	0.00187437
303.95544000	0.00083280
304.16591637	0.00155616
304.37640867	0.00081944
304.58691690	0.00196132
304.79744103	0.00129270
305.00798109	0.00166444
305.21853705	0.00090359
305.42910892	0.00164452
305.63969669	0.00111760
305.85030037	0.00178883
306.06091994	0.00120848
306.27155540	0.00163104
306.48220676	0.00115369
306.69287400	0.00173671
306.90355713	0.00109081
307.11425614	0.00191855
307.32497103	0.00138504
307.53570179	0.00199199
307.74644842	0.00122857
307.95721093	0.00140633
308.16798929	0.00097849
308.37878352	0.00172333
308.58959360	0.00103735
308.80041954	0.00148406
309.01126133	0.00086750
309.22211897	0.00188904
309.43299246	0.00076729
309.64388178	0.00181419
309.85478695	0.00104406
310.06570795	0.00204556
310.27664478	0.00082739
310.48759744	0.00160970
310.69856593	0.00120178
310.90955023	0.00195603
311.12055036	0.00116981
311.33156630	0.00152539
311.54259806	0.00119105
311.75364562	0.00196935
311.96470899	0.00130887
312.17578816	0.00175013
312.38688313	0.00125931
312.59799389	0.00199206
312.80912045	0.00084222
313.02026280	0.00135954
313.23142093	0.00148527
313.44259485	0.00162432
313.65378455	0.00108687
313.86499002	0.00158692
314.07621126	0.00080068
314.28744828	0.00156284
314.49870106	0.00141444
314.70996960	0.00149462
314.92125390	0.00119520
315.13255396	0.00197461
315.34386978	0.00085684
315.55520134	0.00196129
315.76654865	0.00121386
315.97791170	0.00184495
316.18929050	0.00086222
316.40068503	0.00208700
316.61209529	0.00098650
316.82352128	0.00168856
317.03496301	0.00125129
317.24642045	0.00198130
317.45789362	0.00080338
317.66938250	0.00171259
317.88088709	0.00078597
318.09240740	0.00213648
318.30394341	0.00102398
318.51549513	0.00165512
318.72706255	0.00104267
318.93864567	0.00184638
319.15024448	0.00106549
319.36185898	0.00175539
319.57348917	0.00120446
319.78513504	0.00181300
319.99679660	0.00106011
320.20847383	0.00155351
320.42016674	0.00117112
320.63187531	0.00156284
320.84359956	0.00105474
321.05533947	0.00163644
321.26709504	0.00087285
321.47886627	0.00133420
321.69065316	0.00084890
321.90245570	0.00169526
322.11427388	0.00094368
322.32610771	0.00189714
322.53795719	0.00133688
322.74982230	0.00171126
322.96170304	0.00107487
323.17359942	0.00173804
323.38551143	0.00104410
323.59743906	0.00187717
323.80938231	0.00105480
324.02134119	0.00202694
324.23331567	0.00108145
324.44530578	0.00157756
324.65731149	0.00125532
324.86933280	0.00134758
325.08136972	0.00081809
325.29342224	0.00201485
325.50549035	0.00117108
325.71757406	0.00220741
325.92967335	0.00123126
326.14178823	0.00199610
326.35391870	0.00078062
326.56606474	0.00197474
326.77822636	0.00106813
326.99040355	0.00230235
327.20259631	0.00121513
327.41480464	0.00225951
327.62702853	0.00109750
327.83926799	0.00157766
328.05152299	0.00086356
328.26379356	0.00238652
328.47607967	0.00115237
328.68838133	0.00173002
328.90069853	0.00073110
329.11303127	0.00194666
329.32537955	0.00116308
329.53774336	0.00215114
329.75012270	0.00107746
329.96251757	0.00169662
330.17492797	0.00118849
330.38735388	0.00180220
330.59979531	0.00133154
330.81225226	0.00191463
331.02472471	0.00106007
331.23721268	0.00188653
331.44971615	0.00123393
331.66223511	0.00188917
331.87476958	0.00125529
332.08731954	0.00230902
332.29988499	0.00107341
332.51246593	0.00199606
332.72506236	0.00092900
332.93767426	0.00189313
333.15030164	0.00094103
333.36294450	0.00186110
333.57560283	0.00113360
333.78827663	0.00172065
334.00096589	0.00097588
334.21367061	0.00149598
334.42639079	0.00126606
334.63912643	0.00188924
334.85187752	0.00101999
335.06464405	0.00170191
335.27742604	0.00107882
335.49022346	0.00194256
335.70303632	0.00119383
335.91586462	0.00182355
336.12870835	0.00105748
336.34156751	0.00213116
336.55444209	0.00093312
336.76733210	0.00213920
336.98023752	0.00099327
337.19315836	0.00189721
337.40609462	0.00099995
337.61904628	0.00223145
337.83201335	0.00101995
338.04499582	0.00215116
338.25799369	0.00107081
338.47100695	0.00183432
338.68403561	0.00127001
338.89707966	0.00244269
339.11013909	0.00138229
339.32321391	0.00200681
339.53630411	0.00136767
339.74940968	0.00172336
339.96253062	0.00120722
340.17566694	0.00238395
340.38881862	0.00069636
340.60198567	0.00188248
340.81516807	0.00111217
341.02836583	0.00188238
341.24157895	0.00114838
341.45480741	0.00180753
341.66805123	0.00111224
341.88131038	0.00236519
342.09458488	0.00117773
342.30787471	0.00174739
342.52117988	0.00135291
342.73450038	0.00223941
342.94783620	0.00098519
343.16118735	0.00140242
343.37455382	0.00116711
343.58793560	0.00187177
343.80133270	0.00099461
344.01474511	0.00220071
344.22817283	0.00118303
344.44161586	0.00199068
344.65507418	0.00094243
344.86854780	0.00173401
345.08203672	0.00117107
345.29554092	0.00194399
345.50906042	0.00096642
345.72259520	0.00208565
345.93614526	0.00110692
346.14971060	0.00195460
346.36329121	0.00075386
346.57688709	0.00173797
346.79049825	0.00109620
347.00412466	0.00200950
347.21776634	0.00092362
347.43142328	0.00218325
347.64509547	0.00121783
347.85878292	0.00222751
348.07248561	0.00108545
348.28620355	0.00192779
348.49993673	0.00121122
348.71368515	0.00183152
348.92744880	0.00136893
349.14122769	0.00175940
349.35502181	0.00145183
349.56883115	0.00201350
349.78265571	0.00112827
349.99649549	0.00147732
350.21035049	0.00080337
350.42422070	0.00199482
350.63810612	0.00130484
350.85200675	0.00197070
351.06592257	0.00130081
351.27985360	0.00161497
351.49379982	0.00152939
351.70776124	0.00252289
351.92173785	0.00107204
352.13572964	0.00182904
352.34973661	0.00110019
352.56375877	0.00184369
352.77779610	0.00094374
352.99184860	0.00218464
353.20591628	0.00163777
353.41999912	0.00214453
353.63409712	0.00131950
353.84821029	0.00206158
354.06233861	0.00124861
354.27648208	0.00234243
354.49064071	0.00125130
354.70481448	0.00178351
354.91900339	0.00137965
355.13320745	0.00176074
355.34742664	0.00153615
355.56166097	0.00214182
355.77591042	0.00150009
355.99017501	0.00203888
356.20445471	0.00143719
356.41874954	0.00207499
356.63305949	0.00141706
356.84738455	0.00203222
357.06172472	0.00095849
357.27608000	0.00229963
357.49045038	0.00120977
357.70483587	0.00195463
357.91923645	0.00138501
358.13365212	0.00193062
358.34808289	0.00118314
358.56252875	0.00219670
358.77698969	0.00094508
358.99146571	0.00200150
359.20595681	0.00166041
359.42046298	0.00196402
359.63498423	0.00123920
359.84952054	0.00191319
360.06407192	0.00130351
360.27863836	0.00219667
360.49321986	0.00135158
360.70781642	0.00190384
360.92242802	0.00148532
361.13705468	0.00200951
361.35169638	0.00176203
361.56635312	0.00243346
361.78102490	0.00131415
361.99571172	0.00200544
362.21041356	0.00144785
362.42513044	0.00197197
362.63986235	0.00129005
362.85460927	0.00225949
363.06937122	0.00134223
363.28414818	0.00213252
363.49894015	0.00095181
363.71374713	0.00202690
363.92856912	0.00118574
364.14340611	0.00229290
364.35825810	0.00109079
364.57312509	0.00225016
364.78800707	0.00126202
365.00290404	0.00214051
365.21781599	0.00140910
365.43274293	0.00212984
365.64768485	0.00159355
365.86264174	0.00228220
366.07761361	0.00132751
366.29260045	0.00236517
366.50760225	0.00170190
366.72261902	0.00200278
366.93765075	0.00170195
367.15269743	0.00179015
367.36775907	0.00154142
367.58283566	0.00211377
367.79792720	0.00145189
368.01303368	0.00223150
368.22815510	0.00149608
368.44329145	0.00233171
368.65844275	0.00153748
368.87360897	0.00235442
369.08879012	0.00185698
369.30398619	0.00229565
369.51919718	0.00121784
369.73442309	0.00221008
369.94966392	0.00112419
370.16491966	0.00228093
370.38019030	0.00136760
370.59547585	0.00224490
370.81077630	0.00140236
371.02609165	0.00263657
371.24142189	0.00175005
371.45676702	0.00237584
371.67212704	0.00140645
371.88750195	0.00234241
372.10289174	0.00184373
372.31829640	0.00221532
372.53371594	0.00164310
372.74915035	0.00269402
372.96459963	0.00168987
373.18006378	0.00289196
373.39554279	0.00189977
373.61103665	0.00253897
373.82654537	0.00165507
374.04206895	0.00276226
374.25760737	0.00212183
374.47316064	0.00260325
374.68872875	0.00209504
374.90431169	0.00219395
375.11990948	0.00142779
375.33552209	0.00207099
375.55114954	0.00211239
375.76679181	0.00264590
375.98244890	0.00170727
376.19812082	0.00218592
376.41380754	0.00206021
376.62950909	0.00263928
376.84522544	0.00193330
377.06095659	0.00227417
377.27670255	0.00175277
377.49246331	0.00264320
377.70823887	0.00220192
377.92402921	0.00273687
378.13983435	0.00181161
378.35565428	0.00321823
378.57148898	0.00202952
378.78733847	0.00278365
379.00320273	0.00218334
379.21908177	0.00315404
379.43497558	0.00215654
379.65088415	0.00275830
379.86680749	0.00177815
380.08274559	0.00235580
380.29869844	0.00184500
380.51466605	0.00269415
380.73064841	0.00222607
380.94664551	0.00300162
381.16265736	0.00195470
381.37868395	0.00250812
381.59472528	0.00188918
381.81078134	0.00277161
382.02685213	0.00240660
382.24293765	0.00279442
382.45903789	0.00207500
382.67515286	0.00259645
382.89128254	0.00217656
383.10742693	0.00246138
383.32358604	0.00224610
383.53975986	0.00326911
383.75594838	0.00225013
383.97215160	0.00333998
384.18836952	0.00198268
384.40460213	0.00326774
384.62084943	0.00238251
384.83711143	0.00281846
385.05338810	0.00239857
385.26967946	0.00317677
385.48598550	0.00268875
385.70230621	0.00339207
385.91864159	0.00256711
386.13499165	0.00331857
386.35135636	0.00273690
386.56773574	0.00325843
386.78412978	0.00230094
387.00053848	0.00362074
387.21696182	0.00278901
387.43339981	0.00341487
387.64985245	0.00293350
387.86631974	0.00321165
388.08280166	0.00302035
388.29929821	0.00399916
388.51580940	0.00302164
388.73233522	0.00383070
388.94887566	0.00314737
389.16543073	0.00379720
389.38200042	0.00332791
389.59858472	0.00401116
389.81518363	0.00365682
390.03179716	0.00394032
390.24842529	0.00315140
390.46506802	0.00437347
390.68172535	0.00354718
390.89839728	0.00427734
391.11508380	0.00358863
391.33178491	0.00403391
391.54850061	0.00371558
391.76523089	0.00437091
391.98197575	0.00365553
392.19873519	0.00425855
392.41550920	0.00394966
392.63229778	0.00480686
392.84910093	0.00384137
393.06591864	0.00433745
393.28275092	0.00407675
393.49959774	0.00460887
393.71645913	0.00416761
393.93333506	0.00499530
394.15022554	0.00418106
394.36713057	0.00526548
394.58405013	0.00416623
394.80098423	0.00461565
395.01793287	0.00429194
395.23489604	0.00493916
395.45187373	0.00435356
395.66886595	0.00496597
395.88587269	0.00409138
396.10289395	0.00455412
396.31992972	0.00423463
396.53698000	0.00475060
396.75404479	0.00460090
396.97112409	0.00509425
397.18821788	0.00407805
397.40532618	0.00488974
397.62244897	0.00420376
397.83958625	0.00473330
398.05673802	0.00466106
398.27390427	0.00502076
398.49108501	0.00480416
398.70828022	0.00506224
398.92548991	0.00441371
399.14271407	0.00572677
399.35995270	0.00416104
399.57720580	0.00580030
399.79447335	0.00440569
400.01175537	0.00523073
400.22905184	0.00476397
400.44636276	0.00528817
400.66368813	0.00442851
400.88102795	0.00543925
401.09838221	0.00429070
401.31575091	0.00530026
401.53313404	0.00446716
401.75053161	0.00537510
401.96794361	0.00462496
402.18537003	0.00532160
402.40281087	0.00476274
402.62026614	0.00505154
402.83773582	0.00451134
403.05521991	0.00592471
403.27271841	0.00508365
403.49023132	0.00539385
403.70775863	0.00535771
403.92530034	0.00534566
404.14285645	0.00493791
404.36042695	0.00616796
404.57801184	0.00524931
404.79561112	0.00555292
405.01322478	0.00506356
405.23085282	0.00586723
405.44849524	0.00553417
405.66615203	0.00597814
405.88382319	0.00531627
406.10150872	0.00569464
406.31920861	0.00597147
406.53692286	0.00538708
406.75465147	0.00636187
406.97239443	0.00597943
407.19015175	0.00653846
407.40792341	0.00614130
407.62570941	0.00671627
407.84350976	0.00593273
408.06132444	0.00664683
408.27915346	0.00618012
408.49699680	0.00689010
408.71485448	0.00606106
408.93272648	0.00742358
409.15061280	0.00641809
409.36851344	0.00728327
409.58642839	0.00666278
409.80435766	0.00760686
410.02230123	0.00616264
410.24025911	0.00775396
410.45823128	0.00706398
410.67621776	0.00759069
410.89421853	0.00711065
411.11223359	0.00846523
411.33026294	0.00752394
411.54830658	0.00821384
411.76636450	0.00821516
411.98443669	0.00837704
412.20252317	0.00784343
412.42062391	0.00918737
412.63873892	0.00834635
412.85686820	0.00912718
413.07501174	0.00837167
413.29316953	0.00924218
413.51134159	0.00815371
413.72952789	0.00922608
413.94772845	0.00874883
414.16594325	0.00977175
414.38417229	0.00924354
414.60241557	0.00975967
414.82067309	0.00975838
415.03894484	0.01012596
415.25723082	0.00946681
415.47553102	0.01060743
415.69384545	0.01018221
415.91217410	0.01034130
416.13051696	0.00993211
416.34887404	0.01120245
416.56724533	0.01067026
416.78563082	0.01093361
417.00403052	0.01066224
417.22244441	0.01106999
417.44087250	0.01054725
417.65931479	0.01178406
417.87777126	0.01100465
418.09624192	0.01222002
418.31472677	0.01073975
418.53322579	0.01195785
418.75173900	0.01106601
418.97026637	0.01177875
419.18880792	0.01121575
419.40736363	0.01206220
419.62593351	0.01121038
419.84451755	0.01252351
420.06311574	0.01188580
420.28172809	0.01236179
420.50035459	0.01151133
420.71899523	0.01251009
420.93765002	0.01187898
421.15631895	0.01224413
421.37500202	0.01173198
421.59369923	0.01264658
421.81241056	0.01154206
422.03113602	0.01250745
422.24987561	0.01171723
422.46862931	0.01291932
422.68739714	0.01178549
422.90617908	0.01247417
423.12497513	0.01187356
423.34378529	0.01274554
423.56260955	0.01156880
423.78144792	0.01228018
424.00030038	0.01184027
424.21916694	0.01231889
424.43804759	0.01181617
424.65694232	0.01247277
424.87585115	0.01186444
425.09477405	0.01246473
425.31371104	0.01181222
425.53266210	0.01282704
425.75162723	0.01136961
425.97060643	0.01276557
426.18959969	0.01163307
426.40860702	0.01256230
426.62762840	0.01200881
426.84666384	0.01295544
427.06571334	0.01153273
427.28477688	0.01261846
427.50385447	0.01177078
427.72294610	0.01268672
427.94205177	0.01189641
428.16117148	0.01293804
428.38030521	0.01178679
428.59945298	0.01269338
428.81861478	0.01188167
429.03779059	0.01295012
429.25698043	0.01229223
429.47618428	0.01277900
429.69540215	0.01218651
429.91463402	0.01332986
430.13387991	0.01246476
430.35313979	0.01307048
430.57241368	0.01266527
430.79170156	0.01374029
431.01100343	0.01283777
431.23031930	0.01359334
431.44964915	0.01298086
431.66899298	0.01334318
431.88835080	0.01311583
432.10772259	0.01440085
432.32710836	0.01317345
432.54650809	0.01452267
432.76592180	0.01384066
432.98534946	0.01424977
433.20479109	0.01386879
433.42424667	0.01437019
433.64371621	0.01359191
433.86319970	0.01489172
434.08269714	0.01428865
434.30220852	0.01523124
434.52173384	0.01457210
434.74127310	0.01527800
434.96082630	0.01438624
435.18039342	0.01591862
435.39997448	0.01480067
435.61956945	0.01633044
435.83917835	0.01563915
436.05880117	0.01673434
436.27843790	0.01581966
436.49808854	0.01658049
436.71775309	0.01666340
436.93743155	0.01731866
437.15712390	0.01720087
437.37683016	0.01730113
437.59655031	0.01680646
437.81628435	0.01830540
438.03603228	0.01801796
438.25579410	0.01928821
438.47556979	0.01859435
438.69535937	0.01933111
438.91516282	0.01892590
439.13498015	0.01976970
439.35481134	0.01938851
439.57465640	0.02107608
439.79451532	0.02041009
440.01438809	0.02142503
440.23427473	0.02115224
440.45417522	0.02169376
440.67408955	0.02147854
440.89401773	0.02217125
441.11395976	0.02181810
441.33391562	0.02299348
441.55388532	0.02195584
441.77386885	0.02289184
441.99386622	0.02254819
442.21387740	0.02358193
442.43390242	0.02283303
442.65394125	0.02419956
442.87399389	0.02357375
443.09406035	0.02510483
443.31414062	0.02435335
443.53423470	0.02543656
443.75434258	0.02494439
443.97446426	0.02624412
444.19459974	0.02564502
444.41474900	0.02666395
444.63491206	0.02609038
444.85508891	0.02715727
445.07527954	0.02701432
445.29548395	0.02741687
445.51570214	0.02732976
445.73593410	0.02768033
445.95617983	0.02719350
446.17643933	0.02826869
446.39671259	0.02760937
446.61699962	0.02900529
446.83730040	0.02810012
447.05761493	0.02930760
447.27794322	0.02835807
447.49828525	0.02930892
447.71864103	0.02893187
447.93901055	0.03017800
448.15939380	0.02936768
448.37979079	0.03014849
448.60020152	0.02983977
448.82062596	0.03018073
449.04106414	0.02973147
449.26151603	0.03034920
449.48198165	0.02960172
449.70246098	0.03033043
449.92295401	0.02955895
450.14346076	0.03047224
450.36398122	0.03007111
450.58451537	0.03055382
450.80506322	0.03010450
451.02562477	0.03075039
451.24620001	0.02996551
451.46678894	0.03053770
451.68739155	0.03011918
451.90800785	0.03127592
452.12863782	0.03014729
452.34928147	0.03112478
452.56993879	0.02975556
452.79060978	0.03112065
453.01129444	0.03008444
453.23199276	0.03084656
453.45270473	0.03094833
453.67343037	0.03148041
453.89416965	0.03030240
454.11492259	0.03129994
454.33568917	0.03011111
454.55646939	0.03054035
454.77726325	0.03032520
454.99807075	0.03135877
455.21889188	0.03035184
455.43972665	0.03096563
455.66057503	0.03036525
455.88143704	0.03095100
456.10231267	0.03060322
456.32320192	0.03121172
456.54410478	0.03058847
456.76502125	0.03123975
456.98595133	0.03081049
457.20689500	0.03157671
457.42785228	0.03110867
457.64882316	0.03192306
457.86980763	0.03149655
458.09080569	0.03208883
458.31181734	0.03185485
458.53284257	0.03224127
458.75388138	0.03189621
458.97493377	0.03288983
459.19599973	0.03193247
459.41707926	0.03267458
459.63817236	0.03225861
459.85927902	0.03301281
460.08039925	0.03222528
460.30153303	0.03336585
460.52268037	0.03244844
460.74384125	0.03299271
460.96501569	0.03257158
461.18620367	0.03329225
461.40740519	0.03334847
461.62862024	0.03324959
461.84984884	0.03352094
462.07109096	0.03416148
462.29234661	0.03481667
462.51361579	0.03456923
462.73489849	0.03537693
462.95619470	0.03496631
463.17750443	0.03554805
463.39882767	0.03484861
463.62016442	0.03554402
463.84151468	0.03528603
464.06287844	0.03685039
464.28425569	0.03606284
464.50564644	0.03748424
464.72705068	0.03724488
464.94846841	0.03777293
465.16989963	0.03738266
465.39134433	0.03814489
465.61280251	0.03856460
465.83427416	0.03943386
466.05575928	0.03933488
466.27725788	0.04071350
466.49876994	0.03983370
466.72029546	0.04105309
466.94183444	0.04117887
467.16338688	0.04217378
467.38495277	0.04185409
467.60653211	0.04318587
467.82812489	0.04267923
468.04973112	0.04489741
468.27135078	0.04418469
468.49298389	0.04489211
468.71463042	0.04509142
468.93629039	0.04665714
469.15796378	0.04621990
469.37965060	0.04750762
469.60135083	0.04792090
469.82306448	0.04904532
470.04479155	0.04901733
470.26653202	0.05076227
470.48828590	0.05074894
470.71005319	0.05217686
470.93183387	0.05169683
471.15362795	0.05320117
471.37543543	0.05320395
471.59725630	0.05420413
471.81909055	0.05403291
472.04093818	0.05515885
472.26279920	0.05522169
472.48467360	0.05644639
472.70656136	0.05605475
472.92846250	0.05754428
473.15037701	0.05704151
473.37230488	0.05895374
473.59424611	0.05876524
473.81620070	0.06050352
474.03816864	0.06074000
474.26014993	0.06213220
474.48214457	0.06195413
474.70415256	0.06339694
474.92617389	0.06301325
475.14820855	0.06454968
475.37025655	0.06441592
475.59231788	0.06548830
475.81439254	0.06570362
476.03648052	0.06714116
476.25858183	0.06730826
476.48069645	0.06913217
476.70282439	0.06756770
476.92496564	0.06960026
477.14712019	0.06922707
477.36928806	0.07101605
477.59146922	0.07002664
477.81366369	0.07236270
478.03587144	0.07214876
478.25809249	0.07340694
478.48032683	0.07307685
478.70257446	0.07438057
478.92483537	0.07387236
479.14710955	0.07542339
479.36939701	0.07490456
479.59169775	0.07585654
479.81401175	0.07570559
480.03633902	0.07667484
480.25867955	0.07648515
480.48103334	0.07752799
480.70340038	0.07705755
480.92578068	0.07787177
481.14817423	0.07739569
481.37058102	0.07885605
481.59300106	0.07767382
481.81543434	0.07924904
482.03788085	0.07888126
482.26034060	0.07967447
482.48281357	0.07913930
482.70529977	0.08034306
482.92779920	0.07922893
483.15031184	0.07950848
483.37283771	0.07930654
483.59537678	0.08047537
483.81792907	0.07952182
484.04049456	0.08056352
484.26307325	0.07964484
484.48566515	0.08084687
484.70827024	0.07972922
484.93088853	0.08077599
485.15352000	0.08019984
485.37616467	0.08000054
485.59882251	0.07906991
485.82149354	0.08010214
486.04417775	0.07851366
486.26687513	0.07961400
486.48958567	0.07867132
486.71230939	0.07973843
486.93504627	0.07912484
487.15779632	0.07992424
487.38055952	0.08040302
487.60333587	0.08006744
487.82612538	0.07937202
488.04892803	0.08009541
488.27174383	0.07965156
488.49457277	0.08089661
488.71741484	0.08035612
488.94027005	0.08074798
489.16313840	0.08000732
489.38601987	0.08021050
489.60891446	0.08069722
489.83182218	0.08163316
490.05474302	0.08048596
490.27767697	0.08159184
490.50062403	0.08088443
490.72358420	0.08193799
490.94655748	0.08114240
491.16954385	0.08172394
491.39254333	0.08156103
491.61555590	0.08180166
491.83858157	0.08111981
492.06162032	0.08207837
492.28467216	0.08115851
492.50773708	0.08277499
492.73081508	0.08189939
492.95390615	0.08278185
493.17701030	0.08174151
493.40012752	0.08287662
493.62325780	0.08270299
493.84640114	0.08376995
494.06955755	0.08246622
494.29272701	0.08411098
494.51590952	0.08397591
494.73910508	0.08469667
494.96231369	0.08404415
495.18553534	0.08522617
495.40877004	0.08516740
495.63201776	0.08547877
495.85527852	0.08560058
496.07855232	0.08640293
496.30183913	0.08626914
496.52513897	0.08758902
496.74845183	0.08757823
496.97177771	0.08878971
497.19511660	0.08778286
497.41846850	0.08885259
497.64183341	0.08931519
497.86521132	0.09060701
498.08860223	0.09052253
498.31200614	0.09081284
498.53542304	0.09090781
498.75885293	0.09266082
498.98229581	0.09198558
499.20575168	0.09397373
499.42922052	0.09354735
499.65270234	0.09524411
499.87619714	0.09476152
500.09970490	0.09674576
500.32322564	0.09677380
500.54675934	0.09774734
500.77030600	0.09807344
500.99386561	0.09955649
501.21743818	0.09995478
501.44102371	0.10175734
501.66462218	0.10172398
501.88823359	0.10406275
502.11185795	0.10310940
502.33549524	0.10511642
502.55914547	0.10625588
502.78280863	0.10781214
503.00648472	0.10780274
503.23017373	0.10999289
503.45387567	0.10918410
503.67759052	0.11133413
503.90131829	0.11222074
504.12505897	0.11337329
504.34881256	0.11390812
504.57257906	0.11378378
504.79635845	0.11513166
505.02015075	0.11654776
505.24395594	0.11784464
505.46777402	0.11901605
505.69160499	0.11922731
505.91544885	0.12217707
506.13930559	0.12286583
506.36317521	0.12464019
506.58705770	0.12590519
506.81095307	0.12759925
507.03486130	0.12790557
507.25878241	0.13035522
507.48271637	0.13040213
507.70666319	0.13246394
507.93062287	0.13267915
508.15459541	0.13442825
508.37858079	0.13426648
508.60257902	0.13625085
508.82659009	0.13712649
509.05061400	0.13984785
509.27465075	0.13956433
509.49870033	0.14153378
509.72276274	0.14174624
509.94683798	0.14362378
510.17092604	0.14344223
510.39502692	0.14614188
510.61914062	0.14592908
510.84326713	0.14823038
511.06740645	0.14932941
511.29155858	0.15038047
511.51572351	0.15066382
511.73990124	0.15243974
511.96409177	0.15167498
512.18829509	0.15276066
512.41251121	0.15311229
512.63674011	0.15450836
512.86098180	0.15555262
513.08523626	0.15771757
513.30950350	0.15814654
513.53378352	0.15920322
513.75807631	0.15952943
513.98238187	0.16054563
514.20670019	0.16187889
514.43103127	0.16328151
514.65537511	0.16297649
514.87973170	0.16390328
515.10410105	0.16397003
515.32848314	0.16393947
515.55287798	0.16513326
515.77728555	0.16787184
516.00170587	0.16740090
516.22613892	0.16859655
516.45058471	0.16799753
516.67504322	0.16829194
516.89951446	0.16741204
517.12399841	0.16867428
517.34849509	0.16870893
517.57300448	0.17013993
517.79752659	0.17000203
518.02206140	0.17104504
518.24660892	0.17060777
518.47116914	0.17075465
518.69574206	0.17070375
518.92032767	0.17097028
519.14492598	0.17028173
519.36953697	0.17234330
519.59416065	0.17318842
519.81879702	0.17206792
520.04344606	0.17456018
520.26810778	0.17268821
520.49278217	0.17403471
520.71746923	0.17392800
520.94216896	0.17561387
521.16688135	0.17485329
521.39160640	0.17614746
521.61634410	0.17556066
521.84109446	0.17601409
522.06585747	0.17514590
522.29063312	0.17678009
522.51542142	0.17549625
522.74022235	0.17599777
522.96503593	0.17490793
523.18986213	0.17526917
523.41470097	0.17446418
523.63955243	0.17591354
523.86441652	0.17362833
524.08929323	0.17457106
524.31418255	0.17296631
524.53908449	0.17341458
524.76399904	0.17213206
524.98892619	0.17379012
525.21386595	0.17168933
525.43881831	0.17381155
525.66378326	0.17341845
525.88876081	0.17462301
526.11375095	0.17412979
526.33875368	0.17541472
526.56376899	0.17442934
526.78879689	0.17459532
527.01383736	0.17366451
527.23889040	0.17369257
527.46395602	0.17278590
527.68903420	0.17256267
527.91412495	0.17165468
528.13922826	0.17228727
528.36434412	0.17128956
528.58947254	0.17164006
528.81461352	0.17072549
529.03976704	0.16986012
529.26493310	0.16866742
529.49011171	0.16974665
529.71530285	0.16875953
529.94050653	0.16901653
530.16572275	0.16829976
530.39095149	0.16815127
530.61619275	0.16745056
530.84144654	0.16755892
531.06671284	0.16872227
531.29199166	0.16982802
531.51728300	0.16968647
531.74258684	0.17086859
531.96790319	0.17056226
532.19323203	0.17195683
532.41857338	0.17094745
532.64392723	0.17159987
532.86929356	0.17084841
533.09467239	0.17386891
533.32006370	0.17339023
533.54546749	0.17401497
533.77088376	0.17390378
533.99631251	0.17414973
534.22175373	0.17412449
534.44720742	0.17596424
534.67267358	0.17535475
534.89815220	0.17611151
535.12364328	0.17494442
535.34914681	0.17597920
535.57466280	0.17618508
535.80019124	0.17698584
536.02573212	0.17646165
536.25128545	0.17739641
536.47685122	0.17673708
536.70242942	0.17816548
536.92802006	0.17678281
537.15362313	0.17832451
537.37923862	0.17777889
537.60486654	0.17853034
537.83050688	0.17788586
538.05615963	0.18199613
538.28182480	0.18098941
538.50750238	0.18232397
538.73319237	0.18313002
538.95889475	0.18462249
539.18460955	0.18398729
539.41033673	0.18592099
539.63607631	0.18490594
539.86182829	0.18704002
540.08759265	0.18676038
540.31336939	0.18795067
540.53915852	0.18690633
540.76496002	0.18872115
540.99077390	0.18927607
541.21660014	0.19222291
541.44243876	0.19109823
541.66828974	0.19366309
541.89415308	0.19313869
542.12002878	0.19354791
542.34591684	0.19393555
542.57181724	0.19598434
542.79772999	0.19725973
543.02365509	0.19926561
543.24959253	0.19995836
543.47554231	0.20089568
543.70150442	0.20259510
543.92747887	0.20597821
544.15346564	0.20664410
544.37946474	0.20870473
544.60547616	0.20910731
544.83149990	0.21220669
545.05753596	0.21411062
545.28358432	0.21634512
545.50964500	0.21718380
545.73571798	0.21917867
545.96180326	0.21890581
546.18790085	0.22215389
546.41401072	0.22242779
546.64013289	0.22478134
546.86626735	0.22662386
547.09241410	0.22828058
547.31857313	0.22966053
547.54474444	0.23115706
547.77092802	0.23279494
547.99712387	0.23556019
548.22333200	0.23638358
548.44955239	0.23929748
548.67578505	0.24086341
548.90202996	0.24366332
549.12828713	0.24416055
549.35455656	0.24564369
549.58083823	0.24672558
549.80713215	0.25120063
550.03343831	0.25235206
550.25975672	0.25623260
550.48608736	0.25709364
550.71243023	0.25990447
550.93878533	0.26207730
551.16515266	0.26515546
551.39153222	0.26559289
551.61792399	0.26870976
551.84432798	0.27080081
552.07074419	0.27409709
552.29717260	0.27574056
552.52361323	0.27882254
552.75006605	0.27776890
552.97653108	0.27983739
553.20300831	0.27981347
553.42949772	0.28209719
553.65599933	0.28374068
553.88251313	0.28595905
554.10903911	0.28680520
554.33557727	0.29069520
554.56212762	0.29194548
554.78869013	0.29454765
555.01526482	0.29788637
555.24185167	0.30016240
555.46845069	0.29952048
555.69506187	0.30283663
555.92168520	0.30393038
556.14832070	0.30744459
556.37496834	0.30987136
556.60162813	0.31360737
556.82830007	0.31377168
557.05498415	0.31540841
557.28168037	0.31762168
557.50838872	0.32013662
557.73510920	0.32259308
557.96184181	0.32312138
558.18858655	0.32398768
558.41534341	0.32721700
558.64211239	0.32758355
558.86889348	0.32980979
559.09568669	0.33174716
559.32249201	0.33489078
559.54930943	0.33648221
559.77613895	0.34031427
560.00298057	0.34018194
560.22983429	0.34340451
560.45670010	0.34222511
560.68357800	0.34587043
560.91046798	0.34717813
561.13737005	0.34850860
561.36428420	0.34983080
561.59121042	0.35416868
561.81814872	0.35761066
562.04509908	0.36071675
562.27206152	0.36329067
562.49903601	0.36409306
562.72602257	0.36440343
562.95302118	0.36722610
563.18003184	0.36839480
563.40705456	0.37091693
563.63408932	0.37175252
563.86113612	0.37203172
564.08819497	0.37303588
564.31526585	0.37429838
564.54234876	0.37541895
564.76944371	0.37534417
564.99655068	0.37457641
565.22366968	0.37558060
565.45080069	0.37432777
565.67794373	0.37556328
565.90509877	0.37396271
566.13226583	0.37414318
566.35944490	0.37368059
566.58663596	0.37629076
566.81383903	0.37486005
567.04105410	0.37517028
567.26828116	0.37416176
567.49552021	0.37537099
567.72277125	0.37264837
567.95003428	0.37423811
568.17730928	0.37379690
568.40459627	0.37654060
568.63189522	0.37576492
568.85920615	0.37755973
569.08652905	0.37645378
569.31386391	0.37904119
569.54121073	0.37779095
569.76856952	0.37965080
569.99594025	0.37694739
570.22332294	0.37797409
570.45071757	0.37591236
570.67812415	0.37761355
570.90554268	0.37495747
571.13297314	0.37604617
571.36041553	0.37460191
571.58786986	0.37799800
571.81533612	0.37691502
572.04281430	0.37660896
572.27030441	0.37366848
572.49780643	0.37312969
572.72532037	0.37151717
572.95284622	0.37033637
573.18038398	0.36960070
573.40793364	0.37075501
573.63549521	0.36901794
573.86306868	0.36960087
574.09065404	0.36671667
574.31825129	0.36821027
574.54586044	0.36659884
574.77348147	0.36772628
575.00111438	0.36427348
575.22875918	0.36328553
575.45641585	0.36142158
575.68408439	0.36226521
575.91176480	0.36059238
576.13945708	0.36150289
576.36716122	0.36235744
576.59487722	0.36450478
576.82260508	0.36313842
577.05034479	0.36447269
577.27809635	0.36615245
577.50585976	0.36301421
577.73363501	0.36091604
577.96142210	0.35968740
578.18922103	0.36188528
578.41703179	0.36061815
578.64485438	0.36067806
578.87268880	0.35891940
579.10053504	0.36248587
579.32839310	0.35933008
579.55626298	0.35809452
579.78414468	0.35892091
580.01203818	0.35806232
580.23994349	0.35795558
580.46786061	0.35719085
580.69578953	0.35559827
580.92373024	0.35766299
581.15168275	0.35551658
581.37964705	0.35969921
581.60762314	0.35848889
581.83561101	0.35987165
582.06361067	0.35802495
582.29162210	0.35933943
582.51964530	0.35710521
582.74768028	0.35774837
582.97572702	0.35666658
583.20378553	0.35692843
583.43185581	0.35611979
583.65993784	0.35772690
583.88803162	0.35766950
584.11613716	0.35882084
584.34425444	0.35710357
584.57238347	0.35945703
584.80052424	0.36072460
585.02867675	0.36231444
585.25684100	0.36266085
585.48501697	0.36418534
585.71320468	0.36393795
585.94140411	0.36488351
586.16961527	0.36502553
586.39783814	0.36651851
586.62607273	0.36590519
586.85431903	0.36761263
587.08257704	0.36831196
587.31084675	0.37142626
587.53912817	0.37117744
587.76742129	0.37240099
587.99572610	0.37289036
588.22404261	0.37187281
588.45237080	0.37127198
588.68071068	0.37342793
588.90906225	0.37402143
589.13742549	0.37448280
589.36580041	0.37465806
589.59418700	0.37602291
589.82258527	0.37437453
590.05099519	0.37691791
590.27941679	0.37654752
590.50785004	0.38020180
590.73629495	0.37977151
590.96475151	0.38287755
591.19321972	0.38159917
591.42169958	0.38417290
591.65019108	0.38370265
591.87869423	0.38723915
592.10720901	0.38843745
592.33573542	0.39260939
592.56427346	0.39312035
592.79282313	0.39576356
593.02138443	0.39647107
593.24995735	0.39705819
593.47854188	0.39853184
593.70713802	0.39964953
593.93574578	0.40026829
594.16436515	0.40196145
594.39299612	0.40233308
594.62163869	0.40513302
594.85029285	0.40553169
595.07895862	0.40765897
595.30763597	0.41017405
595.53632491	0.41361197
595.76502543	0.41300883
595.99373754	0.41536120
596.22246123	0.41615685
596.45119648	0.41633559
596.67994332	0.41604181
596.90870171	0.41853287
597.13747168	0.42015720
597.36625320	0.42349086
597.59504629	0.42451385
597.82385093	0.42756273
598.05266712	0.42918338
598.28149485	0.43128946
598.51033414	0.43257292
598.73918496	0.43616605
598.96804733	0.43738006
599.19692123	0.44075098
599.42580666	0.44164293
599.65470362	0.44552469
599.88361211	0.44612795
600.11253212	0.45054324
600.34146364	0.45219839
600.57040669	0.45635193
600.79936124	0.45973475
601.02832731	0.46264150
601.25730488	0.46605670
601.48629395	0.46818946
601.71529452	0.47092559
601.94430659	0.47509204
602.17333015	0.47767575
602.40236521	0.48091247
602.63141174	0.48425024
602.86046976	0.48972573
603.08953926	0.49350871
603.31862024	0.49780243
603.54771269	0.49959280
603.77681661	0.50291695
604.00593199	0.50507769
604.23505884	0.50448131
604.46419715	0.51024171
604.69334691	0.51280253
604.92250813	0.51594602
605.15168080	0.51863631
605.38086492	0.51916234
605.61006048	0.52234034
605.83926748	0.52306259
606.06848591	0.52816231
606.29771579	0.53072036
606.52695709	0.53461959
606.75620981	0.53807884
606.98547397	0.53880208
607.21474954	0.54069275
607.44403653	0.54202603
607.67333493	0.54119560
607.90264475	0.54367865
608.13196597	0.54644538
608.36129860	0.55198557
608.59064263	0.55681116
608.81999805	0.56045083
609.04936487	0.56509197
609.27874309	0.56853260
609.50813268	0.57108515
609.73753367	0.57411928
609.96694603	0.57433313
610.19636978	0.57780173
610.42580489	0.57722957
610.65525138	0.58113543
610.88470924	0.58214880
611.11417846	0.58261787
611.34365905	0.58416649
611.57315099	0.58592768
611.80265429	0.58606233
612.03216894	0.58898198
612.26169494	0.58935486
612.49123228	0.59144726
612.72078097	0.59343721
612.95034099	0.59723067
613.17991235	0.59824967
613.40949504	0.60655052
613.63908906	0.60562951
613.86869441	0.60942565
614.09831108	0.61118523
614.32793907	0.61495491
614.55757837	0.61730282
614.78722899	0.62003176
615.01689091	0.61803253
615.24656414	0.61629597
615.47624868	0.61476848
615.70594451	0.61214401
615.93565164	0.61277554
616.16537006	0.61185393
616.39509977	0.61260966
616.62484077	0.61489862
616.85459305	0.61414955
617.08435661	0.61738426
617.31413145	0.61761283
617.54391756	0.62040205
617.77371494	0.62018946
618.00352359	0.62196270
618.23334350	0.62037668
618.46317467	0.62130742
618.69301710	0.62226887
618.92287078	0.62394833
619.15273571	0.62415852
619.38261189	0.62263797
619.61249931	0.62226075
619.84239797	0.62400577
620.07230787	0.62407246
620.30222900	0.62678862
620.53216137	0.62537121
620.76210496	0.62692735
620.99205977	0.62469057
621.22202581	0.62279973
621.45200306	0.61865483
621.68199153	0.61692286
621.91199121	0.61547168
622.14200210	0.61536653
622.37202419	0.61317643
622.60205748	0.61272310
622.83210197	0.60882388
623.06215765	0.61085768
623.29222453	0.60945494
623.52230259	0.61124645
623.75239184	0.61055393
623.98249226	0.61041357
624.21260387	0.60983458
624.44272665	0.61203326
624.67286061	0.60851771
624.90300573	0.60992423
625.13316202	0.60954190
625.36332947	0.60805616
625.59350807	0.60659061
625.82369784	0.60503171
626.05389875	0.60505341
626.28411081	0.60306433
626.51433402	0.59985078
626.74456837	0.59998564
626.97481386	0.60122302
627.20507049	0.59735054
627.43533824	0.60146943
627.66561713	0.59576159
627.89590714	0.59379301
628.12620828	0.59625236
628.35652053	0.58804207
628.58684390	0.59080529
628.81717838	0.58060970
629.04752397	0.58496957
629.27788067	0.58896437
629.50824847	0.59015329
629.73862737	0.58609410
629.96901736	0.58501894
630.19941845	0.58434542
630.42983063	0.58084596
630.66025389	0.58781601
630.89068824	0.58620655
631.12113367	0.58065177
631.35159017	0.58017089
631.58205775	0.57962421
631.81253640	0.58010968
632.04302611	0.57797082
632.27352689	0.57393878
632.50403873	0.57570334
632.73456162	0.56445119
632.96509557	0.56824976
633.19564057	0.56724425
633.42619661	0.56832311
633.65676370	0.57178710
633.88734183	0.56578111
634.11793100	0.56535955
634.34853120	0.55852203
634.57914243	0.56386742
634.80976469	0.55368455
635.04039797	0.56165024
635.27104228	0.55964873
635.50169760	0.55336639
635.73236394	0.55513895
635.96304128	0.55064180
636.19372964	0.54360484
636.42442900	0.54153773
636.65513936	0.54488716
636.88586071	0.53986802
637.11659307	0.53980164
637.34733641	0.53748405
637.57809074	0.53641891
637.80885606	0.53551697
638.03963236	0.53493777
638.27041963	0.53660741
638.50121789	0.52893836
638.73202711	0.52480286
638.96284730	0.51739860
639.19367846	0.51882826
639.42452057	0.52577411
639.65537365	0.51930187
639.88623768	0.51699780
640.11711267	0.52033147
640.34799860	0.51485384
640.57889548	0.51513026
640.80980330	0.51707437
641.04072206	0.51129462
641.27165176	0.51484681
641.50259238	0.52095852
641.73354394	0.52550289
641.96450642	0.51437298
642.19547983	0.51110280
642.42646415	0.51365488
642.65745939	0.50500585
642.88846554	0.50063051
643.11948261	0.50683235
643.35051057	0.50112118
643.58154945	0.49737708
643.81259922	0.50364320
644.04365988	0.49674222
644.27473144	0.51047456
644.50581389	0.51111081
644.73690723	0.51452232
644.96801145	0.51213178
645.19912655	0.51557502
645.43025252	0.51789395
645.66138937	0.51691322
645.89253709	0.51914626
646.12369568	0.51947127
646.35486513	0.51882634
646.58604544	0.51471084
646.81723661	0.50670478
647.04843863	0.50780414
647.27965150	0.50151962
647.51087522	0.50210886
647.74210978	0.50422633
647.97335518	0.50670603
648.20461142	0.50475384
648.43587850	0.50220722
648.66715640	0.49826314
648.89844513	0.50467879
649.12974469	0.50875160
649.36105507	0.50185935
649.59237626	0.50107873
649.82370827	0.50417307
650.05505109	0.50024838
650.28640472	0.50474418
650.51776915	0.50264229
650.74914439	0.49548756
650.98053042	0.49738090
651.21192724	0.49712459
651.44333486	0.50073145
651.67475327	0.49797010
651.90618246	0.50372132
652.13762243	0.49963583
652.36907318	0.51003292
652.60053471	0.51773801
652.83200701	0.50915049
653.06349007	0.51555896
653.29498391	0.51256915
653.52648850	0.51379182
653.75800385	0.51037464
653.98952996	0.50987739
654.22106682	0.51198215
654.45261443	0.51215171
654.68417278	0.51472570
654.91574188	0.51502968
655.14732171	0.52552734
655.37891228	0.51645735
655.61051359	0.53241541
655.84212562	0.52755895
656.07374838	0.52574322
656.30538186	0.52666857
656.53702606	0.53178747
656.76868097	0.53400223
657.00034660	0.54033939
657.23202294	0.54298324
657.46370999	0.54855627
657.69540773	0.54596418
657.92711618	0.54517187
658.15883533	0.54713349
658.39056516	0.55200364
658.62230569	0.55355101
658.85405690	0.55462086
659.08581880	0.55753917
659.31759138	0.55733350
659.54937463	0.56604690
659.78116856	0.56029983
660.01297315	0.56906479
660.24478842	0.57653428
660.47661434	0.57457964
660.70845093	0.57380858
660.94029818	0.57130994
661.17215607	0.58395924
661.40402462	0.58452602
661.63590382	0.58352794
661.86779366	0.58602279
662.09969414	0.58717153
662.33160526	0.58986806
662.56352701	0.59790949
662.79545939	0.59496887
663.02740240	0.59750927
663.25935604	0.60340323
663.49132030	0.59969416
663.72329517	0.61054610
663.95528066	0.61171012
664.18727676	0.61777005
664.41928346	0.62260132
664.65130078	0.62353805
664.88332869	0.62151859
665.11536720	0.62682427
665.34741631	0.62706143
665.57947600	0.63439626
665.81154629	0.63446581
666.04362716	0.65123189
666.27571861	0.64632775
666.50782064	0.64837332
666.73993325	0.66383160
666.97205643	0.65500005
667.20419017	0.67316443
667.43633449	0.67074683
667.66848936	0.67628809
667.90065479	0.67735091
668.13283078	0.67365003
668.36501732	0.66930083
668.59721441	0.67007118
668.82942204	0.67812354
669.06164022	0.69155382
669.29386894	0.68938222
669.52610819	0.69493394
669.75835797	0.69535124
669.99061829	0.69902314
670.22288913	0.69785855
670.45517049	0.69952453
670.68746237	0.70254775
670.91976477	0.70722823
671.15207768	0.70573161
671.38440110	0.70816236
671.61673503	0.70857330
671.84907945	0.71202285
672.08143438	0.71210609
672.31379981	0.71516240
672.54617573	0.71830973
672.77856214	0.72263050
673.01095903	0.72266976
673.24336641	0.72889543
673.47578427	0.72816010
673.70821261	0.73230376
673.94065142	0.73269936
674.17310070	0.73453363
674.40556044	0.73363425
674.63803065	0.73392042
674.87051132	0.73230056
675.10300245	0.73406077
675.33550403	0.72994762
675.56801606	0.73316368
675.80053854	0.73528820
676.03307147	0.74174920
676.26561483	0.74262366
676.49816863	0.74527118
676.73073287	0.74749090
676.96330754	0.75060291
677.19589263	0.75460598
677.42848815	0.75890341
677.66109409	0.76161282
677.89371045	0.76450123
678.12633722	0.76446229
678.35897440	0.76574827
678.59162199	0.76490216
678.82427999	0.76552150
679.05694839	0.76319247
679.28962718	0.76548255
679.52231638	0.76479145
679.75501596	0.76726611
679.98772593	0.76780536
680.22044628	0.76796160
680.45317702	0.76460134
680.68591814	0.76539159
680.91866963	0.76461990
681.15143149	0.76760947
681.38420372	0.76602446
681.61698632	0.76536744
681.84977928	0.76487018
682.08258260	0.76806090
682.31539627	0.76616742
682.54822030	0.76638330
682.78105467	0.76188027
683.01389939	0.76263958
683.24675446	0.76141319
683.47961986	0.76208761
683.71249560	0.76223590
683.94538167	0.76392058
684.17827807	0.76140411
684.41118479	0.76438577
684.64410184	0.76396906
684.87702921	0.76807551
685.10996689	0.76694982
685.34291489	0.77082207
685.57587320	0.77002502
685.80884181	0.77132198
686.04182073	0.76788940
686.27480995	0.76471911
686.50780946	0.75986354
686.74081926	0.75634454
686.97383936	0.75329887
687.20686974	0.75219672
687.43991041	0.74741080
687.67296136	0.74814516
687.90602258	0.74665799
688.13909408	0.74755275
688.37217585	0.74379558
688.60526788	0.74036823
688.83837018	0.73989726
689.07148274	0.73618274
689.30460555	0.73416503
689.53773862	0.73207328
689.77088194	0.72948783
690.00403551	0.72994472
690.23719932	0.72753398
690.47037338	0.72779184
690.70355767	0.72773492
690.93675219	0.72834293
691.16995695	0.72426290
691.40317193	0.72450140
691.63639714	0.72374046
691.86963257	0.72303055
692.10287822	0.72067335
692.33613408	0.72248247
692.56940015	0.72131106
692.80267643	0.72461378
693.03596292	0.72054329
693.26925961	0.72484343
693.50256649	0.72204225
693.73588357	0.72356558
693.96921084	0.72059054
694.20254831	0.72019194
694.43589595	0.71737026
694.66925378	0.71822868
694.90262179	0.71480692
695.13599997	0.71681265
695.36938832	0.71879928
695.60278684	0.71862715
695.83619553	0.72227498
696.06961438	0.72091110
696.30304339	0.72347586
696.53648255	0.72033731
696.76993187	0.71973687
697.00339134	0.71785063
697.23686095	0.71944138
697.47034070	0.71600626
697.70383060	0.71592071
697.93733063	0.71554196
698.17084079	0.71479223
698.40436108	0.71374935
698.63789150	0.71202162
698.87143204	0.70750081
699.10498270	0.70938227
699.33854348	0.70200352
699.57211437	0.70210273
699.80569537	0.69717333
700.03928647	0.69678605
700.27288768	0.69216343
700.50649899	0.68739110
700.74012039	0.68528010
700.97375189	0.68791296
701.20739348	0.68785504
701.44104516	0.69010123
701.67470692	0.68726138
701.90837876	0.68781771
702.14206067	0.68765865
702.37575266	0.68889925
702.60945472	0.69047328
702.84316685	0.69182398
703.07688904	0.69199897
703.31062130	0.69325716
703.54436361	0.68874561
703.77811597	0.68903052
704.01187838	0.68327538
704.24565085	0.68283563
704.47943335	0.67801104
704.71322590	0.68062511
704.94702848	0.67600402
705.18084110	0.67581133
705.41466375	0.67393011
705.64849643	0.67420521
705.88233913	0.66904938
706.11619186	0.67018828
706.35005460	0.66224175
706.58392736	0.65976137
706.81781012	0.65471644
707.05170290	0.65389553
707.28560568	0.64991979
707.51951846	0.64904655
707.75344124	0.64679254
707.98737402	0.64795047
708.22131679	0.64367921
708.45526954	0.64515823
708.68923229	0.63898045
708.92320501	0.63953970
709.15718771	0.63717141
709.39118039	0.63923207
709.62518304	0.63767582
709.85919566	0.63874557
710.09321824	0.63776143
710.32725079	0.63707247
710.56129329	0.63451470
710.79534575	0.63423541
711.02940817	0.63287262
711.26348053	0.63255696
711.49756284	0.63061300
711.73165509	0.62897616
711.96575728	0.62808557
712.19986940	0.62666801
712.43399146	0.62154550
712.66812345	0.62150119
712.90226537	0.61911594
713.13641720	0.61719951
713.37057896	0.61582347
713.60475064	0.61703795
713.83893222	0.61527828
714.07312372	0.61913745
714.30732512	0.61691142
714.54153643	0.61959188
714.77575764	0.61802484
715.00998874	0.61786150
715.24422974	0.61524342
715.47848062	0.61613678
715.71274140	0.61667433
715.94701205	0.61587081
716.18129259	0.61483683
716.41558301	0.61549351
716.64988330	0.61366785
716.88419346	0.61460173
717.11851348	0.61005812
717.35284337	0.61290773
717.58718312	0.60948022
717.82153273	0.61096853
718.05589219	0.60879426
718.29026151	0.60946868
718.52464067	0.60894286
718.75902967	0.61139943
718.99342852	0.60984536
719.22783720	0.61127993
719.46225572	0.60856571
719.69668407	0.61086420
719.93112225	0.61097802
720.16557025	0.61275245
720.40002808	0.61393032
720.63449572	0.61522490
720.86897317	0.61282307
721.10346044	0.61318695
721.33795752	0.61456027
721.57246440	0.61484513
721.80698108	0.61193942
722.04150756	0.61738057
722.27604384	0.62118719
722.51058991	0.62550462
722.74514577	0.62647291
722.97971141	0.62784090
723.21428683	0.62509545
723.44887203	0.62843172
723.68346701	0.62646503
723.91807176	0.62808935
724.15268628	0.62765086
724.38731057	0.63243145
724.62194462	0.63206481
724.85658842	0.63239671
725.09124198	0.63073070
725.32590530	0.63089366
725.56057836	0.62863381
725.79526117	0.62990379
726.02995373	0.62912697
726.26465602	0.63042951
726.49936805	0.63056079
726.73408981	0.63313349
726.96882130	0.63381547
727.20356252	0.63694805
727.43831346	0.63595246
727.67307412	0.63789776
727.90784449	0.63663567
728.14262458	0.63499706
728.37741438	0.63476724
728.61221389	0.63474424
728.84702310	0.63264523
729.08184201	0.63302368
729.31667061	0.62977424
729.55150891	0.63261423
729.78635691	0.63084670
730.02121458	0.63130818
730.25608194	0.63133229
730.49095898	0.63442622
730.72584570	0.63734389
730.96074210	0.64128833
731.19564816	0.64392981
731.43056389	0.64666663
731.66548928	0.64808413
731.90042434	0.65041229
732.13536905	0.65285068
732.37032342	0.65705355
732.60528744	0.66071574
732.84026110	0.66638301
733.07524441	0.66490942
733.31023736	0.66677092
733.54523995	0.66202119
733.78025217	0.66500764
734.01527403	0.66717840
734.25030551	0.66842101
734.48534662	0.66965506
734.72039735	0.66937319
734.95545769	0.66815063
735.19052766	0.66819764
735.42560723	0.66546611
735.66069641	0.66579594
735.89579520	0.66136199
736.13090359	0.65929622
736.36602157	0.65511361
736.60114916	0.65648954
736.83628633	0.65271071
737.07143309	0.65542356
737.30658944	0.65267704
737.54175537	0.65797925
737.77693088	0.65867848
738.01211596	0.66196113
738.24731062	0.66125503
738.48251485	0.66379970
738.71772864	0.66279149
738.95295199	0.66415155
739.18818491	0.66575331
739.42342738	0.66725759
739.65867940	0.66560465
739.89394097	0.66928457
740.12921209	0.66824986
740.36449275	0.67042797
740.59978295	0.67090009
740.83508268	0.67309729
741.07039195	0.67209296
741.30571075	0.67403166
741.54103907	0.67398225
741.77637692	0.67724095
742.01172429	0.67727197
742.24708117	0.67924563
742.48244757	0.67838692
742.71782348	0.67908622
742.95320889	0.68010240
743.18860381	0.68228987
743.42400823	0.68492145
743.65942214	0.68946509
743.89484555	0.69528963
744.13027845	0.70181797
744.36572084	0.70666479
744.60117271	0.71205347
744.83663406	0.71376385
745.07210488	0.71515582
745.30758519	0.71389915
745.54307496	0.71429858
745.77857420	0.71546741
746.01408290	0.71457046
746.24960107	0.71635533
746.48512869	0.71430675
746.72066576	0.71288128
746.95621229	0.71361662
747.19176827	0.71324213
747.42733369	0.71279875
747.66290855	0.71495307
747.89849285	0.71753733
748.13408658	0.71563063
748.36968974	0.71570004
748.60530234	0.71905766
748.84092435	0.72140436
749.07655579	0.72498022
749.31219665	0.72628313
749.54784692	0.73156706
749.78350661	0.73428511
750.01917570	0.73541229
750.25485420	0.73952162
750.49054210	0.74148885
750.72623939	0.74455471
750.96194609	0.74534913
751.19766217	0.74487155
751.43338765	0.74600844
751.66912251	0.74696158
751.90486675	0.75024983
752.14062037	0.75369540
752.37638337	0.75393388
752.61215573	0.75634692
752.84793747	0.75528525
753.08372858	0.75596605
753.31952904	0.75579366
753.55533887	0.75798246
753.79115805	0.75878729
754.02698658	0.76226697
754.26282447	0.76459058
754.49867170	0.76538756
754.73452827	0.76727796
754.97039418	0.76526046
755.20626943	0.76782094
755.44215401	0.76937652
755.67804792	0.77106401
755.91395116	0.76878967
756.14986372	0.76969048
756.38578560	0.76632515
756.62171680	0.76575408
756.85765731	0.76509510
757.09360713	0.76724907
757.32956626	0.76896186
757.56553469	0.77228986
757.80151242	0.77362340
758.03749945	0.77521148
758.27349577	0.77436245
758.50950138	0.77726319
758.74551628	0.77619600
758.98154047	0.78123273
759.21757393	0.78140271
759.45361667	0.78071944
759.68966869	0.77785528
759.92572998	0.77906242
760.16180053	0.77681336
760.39788035	0.77651824
760.63396943	0.77293589
760.87006776	0.77188217
761.10617535	0.76968264
761.34229220	0.76974836
761.57841829	0.76655458
761.81455362	0.76716490
762.05069820	0.76446505
762.28685201	0.76794572
762.52301506	0.76996102
762.75918734	0.77074413
762.99536885	0.77466344
763.23155958	0.77968426
763.46775954	0.77847205
763.70396871	0.77824050
763.94018710	0.77571155
764.17641470	0.77689787
764.41265151	0.77350690
764.64889752	0.77486779
764.88515274	0.77401227
765.12141715	0.77505434
765.35769076	0.77176314
765.59397356	0.77182361
765.83026555	0.76902299
766.06656673	0.76573951
766.30287709	0.76179487
766.53919662	0.76330921
766.77552534	0.75669896
767.01186322	0.75505900
767.24821028	0.75201064
767.48456650	0.75403909
767.72093188	0.75269686
767.95730642	0.75435345
768.19369012	0.75057379
768.43008297	0.74946836
768.66648498	0.74568443
768.90289612	0.74589315
769.13931641	0.74013943
769.37574584	0.73976520
769.61218441	0.73597407
769.84863211	0.73331181
770.08508894	0.72933650
770.32155489	0.72920529
770.55802997	0.72367490
770.79451417	0.72356530
771.03100749	0.72029065
771.26750992	0.71969249
771.50402146	0.71673276
771.74054210	0.71810699
771.97707185	0.71785949
772.21361070	0.72107549
772.45015865	0.72091684
772.68671569	0.72203658
772.92328182	0.71685153
773.15985704	0.71580827
773.39644135	0.71335881
773.63303473	0.71353247
773.86963719	0.70893926
774.10624873	0.71176075
774.34286933	0.70934039
774.57949901	0.71089442
774.81613774	0.70840178
775.05278554	0.70447198
775.28944240	0.70200368
775.52610831	0.70031774
775.76278327	0.69488602
775.99946728	0.69227591
776.23616034	0.68861475
776.47286244	0.68713207
776.70957357	0.68130052
776.94629374	0.68422859
777.18302294	0.67798796
777.41976117	0.67682489
777.65650842	0.67128096
777.89326470	0.67162927
778.13002999	0.66852661
778.36680430	0.66626051
778.60358762	0.66095283
778.84037995	0.65918393
779.07718129	0.65600141
779.31399162	0.65709399
779.55081096	0.65541314
779.78763929	0.65643216
780.02447662	0.65347031
780.26132293	0.65353575
780.49817823	0.65213954
780.73504251	0.65048523
780.97191577	0.64896520
781.20879800	0.64934926
781.44568921	0.64609692
781.68258939	0.64934384
781.91949853	0.64661822
782.15641663	0.64962180
782.39334370	0.64806284
782.63027972	0.65148202
782.86722470	0.64588290
783.10417862	0.64534139
783.34114149	0.64194613
783.57811330	0.64021376
783.81509406	0.63516824
784.05208375	0.63357737
784.28908237	0.62971842
784.52608992	0.63027195
784.76310640	0.62941632
785.00013180	0.62979171
785.23716613	0.62819105
785.47420937	0.62721116
785.71126152	0.62282661
785.94832258	0.62163904
786.18539255	0.61872529
786.42247143	0.62051456
786.65955920	0.61989150
786.89665587	0.62020180
787.13376144	0.61751582
787.37087589	0.61634252
787.60799924	0.61262808
787.84513147	0.61376736
788.08227257	0.60969839
788.31942256	0.60971683
788.55658142	0.60350203
788.79374915	0.60085034
789.03092575	0.59475135
789.26811121	0.59090181
789.50530554	0.58483010
789.74250872	0.58435136
789.97972076	0.57940092
790.21694164	0.57893719
790.45417138	0.57579103
790.69140996	0.57436665
790.92865738	0.57136849
791.16591364	0.57189708
791.40317874	0.56752736
791.64045266	0.56821932
791.87773542	0.56473785
792.11502700	0.56523527
792.35232740	0.56304772
792.58963662	0.56242570
792.82695466	0.56149677
793.06428151	0.56318529
793.30161716	0.56282186
793.53896162	0.56303671
793.77631489	0.56252057
794.01367695	0.56411587
794.25104781	0.56332026
794.48842746	0.56768629
794.72581590	0.56445555
794.96321312	0.56440882
795.20061913	0.56021947
795.43803392	0.55945878
795.67545748	0.55386409
795.91288982	0.55165893
796.15033092	0.54510040
796.38778079	0.54379639
796.62523942	0.53921669
796.86270682	0.53813492
797.10018297	0.53527305
797.33766787	0.53712705
797.57516152	0.53371138
797.81266392	0.53451780
798.05017506	0.53237322
798.28769494	0.53321284
798.52522356	0.53332535
798.76276091	0.53296835
799.00030699	0.53152146
799.23786180	0.53218449
799.47542533	0.52972021
799.71299758	0.52971494
799.95057855	0.52567800
800.18816824	0.52654736
800.42576663	0.52493194
800.66337373	0.52691646
800.90098953	0.52398357
801.13861404	0.52337690
801.37624724	0.51872748
801.61388913	0.51946436
801.85153972	0.51823259
802.08919899	0.51867549
802.32686695	0.51714006
802.56454359	0.51785296
802.80222890	0.51631115
803.03992289	0.51806174
803.27762555	0.51486163
803.51533688	0.51526541
803.75305688	0.51334410
803.99078553	0.51360913
804.22852284	0.51067098
804.46626881	0.51327161
804.70402343	0.50763699
804.94178670	0.50911330
805.17955861	0.50832160
805.41733916	0.50625301
805.65512835	0.50346653
805.89292618	0.50134303
806.13073264	0.49636605
806.36854772	0.49428026
806.60637143	0.49033954
806.84420377	0.49043277
807.08204472	0.48933659
807.31989429	0.49104286
807.55775247	0.48888050
807.79561925	0.49179847
808.03349465	0.48993704
808.27137864	0.49281319
808.50927124	0.48903832
808.74717243	0.49087027
808.98508221	0.48888357
809.22300058	0.48843446
809.46092754	0.48589356
809.69886308	0.48737666
809.93680720	0.48294602
810.17475990	0.48338745
810.41272117	0.48114915
810.65069100	0.47941878
810.88866941	0.47565094
811.12665637	0.47427741
811.36465190	0.47026361
811.60265598	0.47108750
811.84066862	0.46798738
812.07868980	0.47193893
812.31671954	0.47240020
812.55475781	0.47557177
812.79280463	0.47606408
813.03085998	0.47851101
813.26892386	0.47711762
813.50699628	0.48115218
813.74507722	0.47850188
813.98316669	0.47917311
814.22126467	0.47614567
814.45937117	0.47907669
814.69748619	0.47579825
814.93560972	0.47608542
815.17374175	0.47284129
815.41188229	0.47114460
815.65003133	0.46917618
815.88818886	0.47077561
816.12635489	0.46915328
816.36452942	0.47024749
816.60271242	0.47127568
816.84090392	0.47049354
817.07910389	0.47331753
817.31731234	0.47164079
817.55552927	0.47444222
817.79375466	0.47352739
818.03198853	0.47652542
818.27023086	0.47478674
818.50848165	0.47521416
818.74674090	0.47414924
818.98500860	0.47695737
819.22328475	0.47580847
819.46156936	0.47842281
819.69986240	0.47744007
819.93816389	0.47944838
820.17647382	0.48047274
820.41479218	0.48298780
820.65311898	0.48192373
820.89145420	0.48425007
821.12979785	0.48492805
821.36814992	0.48644306
821.60651041	0.48604067
821.84487931	0.48957589
822.08325663	0.48845818
822.32164236	0.49064290
822.56003649	0.49132115
822.79843902	0.49512386
823.03684995	0.49481907
823.27526928	0.49650763
823.51369700	0.49604266
823.75213311	0.49880491
823.99057760	0.49863259
824.22903048	0.49924926
824.46749174	0.49920088
824.70596137	0.49914451
824.94443938	0.49589533
825.18292576	0.49809520
825.42142050	0.49501138
825.65992360	0.49559460
825.89843507	0.49534591
826.13695489	0.49590599
826.37548306	0.49430821
826.61401959	0.49525643
826.85256446	0.49488712
827.09111767	0.49593285
827.32967923	0.49591291
827.56824912	0.49563739
827.80682734	0.49586347
828.04541389	0.49801182
828.28400878	0.49908063
828.52261198	0.50009249
828.76122351	0.50061176
828.99984335	0.50320303
829.23847151	0.50602693
829.47710797	0.50899279
829.71575275	0.50832136
829.95440582	0.51057630
830.19306720	0.51191198
830.43173688	0.51176594
830.67041485	0.51140246
830.90910111	0.51322783
831.14779566	0.51049219
831.38649849	0.51219123
831.62520961	0.51167107
831.86392900	0.51220062
832.10265666	0.51075678
832.34139260	0.51052678
832.58013681	0.51095327
832.81888928	0.51157073
833.05765001	0.51099097
833.29641900	0.51228477
833.53519624	0.51093974
833.77398174	0.51334284
834.01277548	0.51177013
834.25157747	0.51378271
834.49038770	0.51387896
834.72920617	0.51639685
834.96803288	0.51535773
835.20686781	0.51713603
835.44571098	0.51566668
835.68456237	0.51600635
835.92342198	0.51501522
836.16228981	0.51579756
836.40116586	0.51410594
836.64005012	0.51395112
836.87894258	0.51126861
837.11784326	0.51098510
837.35675213	0.51054963
837.59566921	0.51074471
837.83459448	0.50883781
838.07352794	0.50853033
838.31246959	0.50651374
838.55141943	0.50742705
838.79037745	0.50841380
839.02934365	0.50550701
839.26831803	0.50555517
839.50730058	0.50577696
839.74629130	0.50522984
839.98529019	0.50761576
840.22429723	0.50808218
840.46331244	0.51101844
840.70233581	0.51118581
840.94136733	0.51337216
841.18040699	0.51252958
841.41945481	0.51227573
841.65851077	0.51274095
841.89757486	0.51441760
842.13664710	0.51398588
842.37572747	0.51535909
842.61481597	0.51605329
842.85391259	0.51906045
843.09301734	0.51856590
843.33213021	0.51974759
843.57125120	0.51952044
843.81038030	0.52044851
844.04951751	0.52127489
844.28866283	0.52326158
844.52781626	0.52302918
844.76697778	0.52489862
845.00614740	0.52329136
845.24532512	0.52304111
845.48451092	0.52129736
845.72370482	0.52053928
845.96290680	0.51789585
846.20211686	0.51624028
846.44133499	0.51492189
846.68056121	0.51525222
846.91979549	0.51402206
847.15903784	0.51706559
847.39828826	0.51557403
847.63754674	0.51819657
847.87681327	0.52008581
848.11608786	0.52021425
848.35537050	0.52098850
848.59466120	0.52390496
848.83395993	0.52440354
849.07326671	0.52332759
849.31258153	0.52512834
849.55190438	0.52424441
849.79123526	0.52035865
850.03057417	0.52087362
850.26992111	0.52102838
850.50927607	0.51852441
850.74863905	0.51810036
850.98801004	0.51823410
851.22738905	0.51622705
851.46677606	0.51667741
851.70617108	0.51368375
851.94557411	0.51577482
852.18498513	0.51233317
852.42440415	0.51461592
852.66383116	0.51045164
852.90326616	0.51247356
853.14270915	0.51163228
853.38216012	0.51275317
853.62161907	0.51186756
853.86108599	0.51496728
854.10056089	0.51479486
854.34004376	0.51791040
854.57953459	0.51808850
854.81903339	0.52167444
855.05854015	0.52062368
855.29805486	0.52325644
855.53757753	0.52258530
855.77710815	0.52264157
856.01664671	0.52112086
856.25619322	0.51956461
856.49574767	0.51724685
856.73531005	0.51734205
856.97488037	0.51560509
857.21445862	0.51535105
857.45404479	0.51231577
857.69363889	0.50984883
857.93324091	0.50603258
858.17285085	0.50648035
858.41246870	0.50633026
858.65209446	0.50459113
858.89172813	0.50332716
859.13136971	0.50197563
859.37101918	0.50094751
859.61067655	0.50268987
859.85034182	0.50036700
860.09001498	0.50033062
860.32969602	0.49854560
860.56938495	0.50079226
860.80908176	0.50002202
861.04878645	0.49969287
861.28849902	0.50081860
861.52821945	0.50250131
861.76794775	0.50304535
862.00768392	0.50350408
862.24742795	0.50159207
862.48717984	0.50467111
862.72693958	0.50308145
862.96670718	0.50287023
863.20648262	0.50144621
863.44626591	0.50127317
863.68605704	0.50131651
863.92585600	0.50184718
864.16566281	0.49935338
864.40547744	0.50033093
864.64529991	0.49941748
864.88513020	0.49963020
865.12496831	0.49782359
865.36481424	0.49842145
865.60466799	0.49550489
865.84452955	0.49529371
866.08439892	0.49301368
866.32427609	0.49443689
866.56416107	0.49412763
866.80405384	0.49401818
867.04395442	0.49288676
867.28386278	0.49044671
867.52377893	0.48993885
867.76370287	0.49036785
868.00363460	0.48972300
868.24357410	0.48996498
868.48352138	0.48867881
868.72347643	0.48735338
868.96343925	0.48663682
869.20340984	0.48671607
869.44338819	0.48402807
869.68337431	0.48334617
869.92336817	0.48326708
870.16336980	0.48111727
870.40337917	0.47825596
870.64339629	0.47920116
870.88342115	0.47462524
871.12345375	0.47337659
871.36349409	0.47061391
871.60354216	0.47007217
871.84359797	0.46750057
872.08366150	0.46783131
872.32373275	0.46535210
872.56381173	0.46539090
872.80389842	0.45922395
873.04399283	0.45783462
873.28409495	0.45332829
873.52420477	0.45432713
873.76432230	0.45146798
874.00444753	0.45140134
874.24458046	0.44843042
874.48472108	0.44872741
874.72486940	0.44574426
874.96502540	0.44603046
875.20518908	0.44427984
875.44536045	0.44283827
875.68553950	0.43882277
875.92572622	0.43804821
876.16592061	0.43342338
876.40612267	0.43209845
876.64633239	0.42843583
876.88654978	0.42821802
877.12677482	0.42738628
877.36700752	0.42241197
877.60724787	0.42213956
877.84749587	0.41979234
878.08775152	0.42183700
878.32801481	0.41934322
878.56828573	0.42085269
878.80856429	0.41767962
879.04885049	0.41922986
879.28914431	0.41687869
879.52944576	0.41793380
879.76975483	0.41406942
880.01007152	0.41388340
880.25039582	0.40947876
880.49072774	0.41050723
880.73106726	0.40661869
880.97141440	0.40676059
881.21176913	0.40375179
881.45213147	0.40468519
881.69250140	0.39991661
881.93287892	0.40065095
882.17326403	0.39895821
882.41365673	0.39884059
882.65405701	0.39613409
882.89446488	0.39445612
883.13488032	0.39107319
883.37530333	0.39167081
883.61573391	0.38538355
883.85617206	0.38574169
884.09661777	0.38173553
884.33707104	0.38090390
884.57753187	0.37715739
884.81800025	0.37525302
885.05847618	0.37241159
885.29895966	0.37150631
885.53945068	0.36835465
885.77994924	0.36790127
886.02045534	0.36540759
886.26096898	0.36693058
886.50149014	0.36609768
886.74201883	0.36663899
886.98255505	0.36610308
887.22309878	0.36677798
887.46365004	0.36599318
887.70420880	0.36706803
887.94477508	0.36468956
888.18534887	0.36626879
888.42593016	0.36311415
888.66651895	0.36438184
888.90711524	0.36384207
889.14771902	0.36551332
889.38833030	0.36261040
889.62894906	0.36381776
889.86957531	0.36148956
890.11020904	0.36028758
890.35085024	0.35772696
890.59149893	0.35710920
890.83215508	0.35507668
891.07281870	0.35366167
891.31348979	0.35111079
891.55416834	0.35064011
891.79485434	0.34716714
892.03554781	0.34900045
892.27624872	0.34734131
892.51695708	0.34478200
892.75767289	0.34616053
892.99839614	0.34602248
893.23912683	0.34388858
893.47986495	0.34695077
893.72061051	0.34492366
893.96136349	0.34658323
894.20212390	0.34496364
894.44289174	0.34559106
894.68366699	0.34287263
894.92444966	0.34326173
895.16523974	0.34086407
895.40603723	0.34251253
895.64684213	0.33899198
895.88765442	0.34066101
896.12847412	0.33821007
896.36930122	0.33830311
896.61013570	0.33617987
896.85097758	0.33544330
897.09182685	0.33477854
897.33268349	0.33246407
897.57354752	0.33022418
897.81441892	0.32880951
898.05529770	0.32648544
898.29618384	0.32530889
898.53707735	0.32267718
898.77797823	0.32140705
899.01888647	0.32029318
899.25980206	0.31742238
899.50072501	0.31525610
899.74165530	0.31409129
899.98259295	0.31123251
900.22353793	0.31073107
900.46449026	0.30889386
900.70544993	0.30875341
900.94641693	0.30556313
901.18739126	0.30537742
901.42837291	0.30350764
901.66936189	0.30329267
901.91035820	0.29996565
902.15136182	0.30079338
902.39237275	0.29803752
902.63339099	0.29879306
902.87441655	0.29679922
903.11544940	0.29900817
903.35648956	0.29575379
903.59753702	0.29737302
903.83859177	0.29506381
904.07965381	0.29539819
904.32072314	0.29476010
904.56179975	0.29570428
904.80288365	0.29411695
905.04397482	0.29267409
905.28507327	0.28976844
905.52617899	0.29030610
905.76729198	0.28547638
906.00841223	0.28519686
906.24953975	0.28120262
906.49067452	0.28233646
906.73181655	0.28044990
906.97296584	0.28054201
907.21412237	0.27852311
907.45528614	0.28034806
907.69645716	0.27785445
907.93763542	0.27843620
908.17882091	0.27867696
908.42001363	0.27854962
908.66121359	0.27679678
908.90242077	0.27806584
909.14363517	0.27610264
909.38485679	0.27594515
909.62608563	0.27507619
909.86732168	0.27470290
910.10856493	0.27409980
910.34981540	0.27452893
910.59107307	0.27123144
910.83233793	0.27179563
911.07361000	0.27020847
911.31488926	0.27150296
911.55617570	0.26759436
911.79746933	0.26723472
912.03877015	0.26440803
912.28007815	0.26539864
912.52139332	0.26281686
912.76271566	0.26294389
913.00404518	0.26116691
913.24538186	0.26013152
913.48672571	0.25786944
913.72807671	0.25826519
913.96943488	0.25641715
914.21080019	0.25610031
914.45217266	0.25551303
914.69355228	0.25434445
914.93493903	0.25252200
915.17633293	0.25182262
915.41773397	0.24991062
915.65914214	0.25060059
915.90055744	0.24890903
916.14197987	0.24868299
916.38340942	0.24868830
916.62484609	0.24816049
916.86628988	0.24621337
917.10774079	0.24788324
917.34919880	0.24552888
917.59066393	0.24604868
917.83213616	0.24338231
918.07361549	0.24392412
918.31510191	0.24206027
918.55659544	0.24185128
918.79809605	0.23852315
919.03960375	0.23931350
919.28111854	0.23592511
919.52264040	0.23685039
919.76416935	0.23399176
920.00570537	0.23493823
920.24724847	0.23305951
920.48879863	0.23351813
920.73035585	0.23133610
920.97192014	0.23113683
921.21349149	0.22841037
921.45506989	0.22893862
921.69665535	0.22569186
921.93824785	0.22551128
922.17984740	0.22316992
922.42145399	0.22388024
922.66306762	0.22026824
922.90468828	0.22115493
923.14631598	0.21873347
923.38795071	0.21856628
923.62959246	0.21739476
923.87124124	0.21782020
924.11289703	0.21561257
924.35455984	0.21667266
924.59622967	0.21426463
924.83790650	0.21537318
925.07959034	0.21285264
925.32128118	0.21297162
925.56297902	0.21285009
925.80468386	0.21289390
926.04639569	0.21285640
926.28811451	0.21336454
926.52984032	0.21134576
926.77157311	0.21294066
927.01331288	0.21115698
927.25505963	0.21157003
927.49681335	0.21063956
927.73857404	0.21011801
927.98034170	0.20965813
928.22211632	0.21107548
928.46389790	0.20951112
928.70568644	0.21050161
928.94748193	0.20921426
929.18928438	0.20879152
929.43109377	0.20675767
929.67291010	0.20843593
929.91473337	0.20606505
930.15656359	0.20652244
930.39840073	0.20544322
930.64024481	0.20568538
930.88209581	0.20366492
931.12395374	0.20269012
931.36581859	0.20110571
931.60769036	0.20022307
931.84956904	0.19878166
932.09145463	0.19861848
932.33334713	0.19608710
932.57524654	0.19525010
932.81715285	0.19330975
933.05906605	0.19274592
933.30098615	0.19116788
933.54291314	0.19086428
933.78484702	0.18872497
934.02678778	0.18840667
934.26873543	0.18609340
934.51068995	0.18562668
934.75265135	0.18224218
934.99461962	0.18186256
935.23659476	0.17898095
935.47857677	0.17888338
935.72056563	0.17622099
935.96256136	0.17526114
936.20456394	0.17351459
936.44657337	0.17226596
936.68858965	0.16925324
936.93061278	0.16898713
937.17264275	0.16561728
937.41467956	0.16523624
937.65672320	0.16227049
937.89877368	0.16105499
938.14083099	0.15810257
938.38289512	0.15829113
938.62496607	0.15651275
938.86704385	0.15508738
939.10912844	0.15219246
939.35121984	0.14961441
939.59331805	0.14889912
939.83542307	0.14683164
940.07753489	0.14677294
940.31965351	0.14489540
940.56177893	0.14502248
940.80391114	0.14432974
941.04605014	0.14280172
941.28819593	0.14233067
941.53034850	0.14140425
941.77250785	0.14065127
942.01467398	0.14092017
942.25684688	0.14006967
942.49902655	0.13980212
942.74121299	0.13867646
942.98340619	0.13929681
943.22560615	0.13808939
943.46781287	0.13851462
943.71002635	0.13815637
943.95224657	0.13957371
944.19447354	0.13884893
944.43670726	0.14042678
944.67894771	0.13854680
944.92119491	0.14012564
945.16344883	0.13877946
945.40570949	0.13997472
945.64797688	0.13955609
945.89025099	0.14040519
946.13253182	0.13932090
946.37481937	0.14100685
946.61711363	0.14088530
946.85941461	0.14230415
947.10172229	0.14090809
947.34403668	0.14217024
947.58635776	0.14215026
947.82868555	0.14293113
948.07102003	0.14251266
948.31336121	0.14294588
948.55570907	0.14256092
948.79806361	0.14408925
949.04042484	0.14323217
949.28279275	0.14388718
949.52516733	0.14471505
949.76754858	0.14581550
950.00993651	0.14587686
950.25233109	0.14677426
950.49473234	0.14617498
950.73714025	0.14736518
950.97955482	0.14654012
951.22197603	0.14745213
951.46440390	0.14617642
951.70683841	0.14722590
951.94927956	0.14678754
952.19172736	0.14831310
952.43418178	0.14775304
952.67664284	0.14882008
952.91911053	0.14786532
953.16158485	0.14911038
953.40406579	0.14888431
953.64655335	0.15065203
953.88904752	0.14987506
954.13154831	0.15142213
954.37405571	0.15175921
954.61656971	0.15237961
954.85909032	0.15304546
955.10161752	0.15338915
955.34415133	0.15287702
955.58669172	0.15503533
955.82923871	0.15358034
956.07179228	0.15471171
956.31435244	0.15437989
956.55691917	0.15655802
956.79949249	0.15618119
957.04207237	0.15702754
957.28465883	0.15703695
957.52725185	0.15893563
957.76985144	0.15765062
958.01245759	0.15795397
958.25507030	0.15767613
958.49768956	0.15818015
958.74031537	0.15826027
958.98294772	0.15826979
959.22558662	0.15732434
959.46823207	0.15823754
959.71088405	0.15641512
959.95354256	0.15721211
960.19620760	0.15509541
960.43887918	0.15533481
960.68155727	0.15485188
960.92424189	0.15466883
961.16693303	0.15379031
961.40963068	0.15410305
961.65233484	0.15333286
961.89504551	0.15416856
962.13776269	0.15310562
962.38048636	0.15402946
962.62321654	0.15259616
962.86595321	0.15340510
963.10869637	0.15275646
963.35144602	0.15407763
963.59420215	0.15310032
963.83696477	0.15402286
964.07973386	0.15285700
964.32250943	0.15485863
964.56529147	0.15315771
964.80807999	0.15491899
965.05087496	0.15374611
965.29367640	0.15455634
965.53648430	0.15279416
965.77929865	0.15451106
966.02211946	0.15358303
966.26494671	0.15445632
966.50778041	0.15326610
966.75062055	0.15429179
966.99346713	0.15218039
967.23632015	0.15205868
967.47917960	0.15133532
967.72204548	0.15257221
967.96491779	0.15204384
968.20779651	0.15187811
968.45068166	0.15099142
968.69357323	0.15035509
968.93647120	0.15051434
969.17937559	0.15057980
969.42228639	0.14953549
969.66520358	0.14985500
969.90812718	0.14872502
970.15105717	0.14954218
970.39399356	0.14795620
970.63693633	0.14822616
970.87988550	0.14714863
971.12284104	0.14789603
971.36580297	0.14634371
971.60877128	0.14716061
971.85174595	0.14660964
972.09472700	0.14742663
972.33771442	0.14622068
972.58070819	0.14651092
972.82370833	0.14617629
973.06671483	0.14554522
973.30972768	0.14401970
973.55274688	0.14507352
973.79577243	0.14363851
974.03880433	0.14457859
974.28184256	0.14362902
974.52488713	0.14438478
974.76793804	0.14423908
975.01099527	0.14489413
975.25405884	0.14359864
975.49712873	0.14449705
975.74020494	0.14398351
975.98328747	0.14573383
976.22637631	0.14358506
976.46947146	0.14541290
976.71257293	0.14464275
976.95568069	0.14517917
977.19879476	0.14524429
977.44191513	0.14483543
977.68504179	0.14435396
977.92817475	0.14458790
978.17131399	0.14427104
978.41445952	0.14394206
978.65761133	0.14302060
978.90076942	0.14268780
979.14393378	0.14154868
979.38710441	0.14257948
979.63028132	0.14161523
979.87346449	0.14070884
980.11665392	0.13963773
980.35984961	0.13878078
980.60305156	0.13892492
980.84625976	0.13884353
981.08947421	0.13671739
981.33269490	0.13707706
981.57592184	0.13571587
981.81915501	0.13564232
982.06239443	0.13335718
982.30564007	0.13345474
982.54889195	0.13182471
982.79215005	0.13193311
983.03541437	0.13033924
983.27868491	0.13052642
983.52196167	0.13014539
983.76524464	0.13006501
984.00853383	0.12853275
984.25182921	0.12881616
984.49513081	0.12784797
984.73843860	0.12768758
984.98175259	0.12682917
985.22507277	0.12612282
985.46839914	0.12470186
985.71173170	0.12540237
985.95507044	0.12421252
986.19841537	0.12481799
986.44176647	0.12280293
986.68512374	0.12281499
986.92848718	0.12230308
987.17185680	0.12261066
987.41523257	0.12102320
987.65861451	0.12179337
987.90200260	0.12039209
988.14539685	0.12186713
988.38879725	0.11976103
988.63220379	0.12047495
988.87561648	0.11856018
989.11903531	0.11990001
989.36246028	0.11804278
989.60589139	0.11929952
989.84932862	0.11718020
990.09277198	0.11825122
990.33622147	0.11634982
990.57967708	0.11688729
990.82313880	0.11559320
991.06660664	0.11694367
991.31008060	0.11540581
991.55356066	0.11473857
991.79704682	0.11388684
992.04053909	0.11456477
992.28403745	0.11235841
992.52754192	0.11332787
992.77105247	0.11168320
993.01456911	0.11192386
993.25809183	0.11014412
993.50162064	0.11062666
993.74515553	0.10907956
993.98869649	0.10924553
994.23224353	0.10698185
994.47579663	0.10732938
994.71935580	0.10607105
994.96292103	0.10561654
995.20649232	0.10531165
995.45006967	0.10548407
995.69365307	0.10405607
995.93724251	0.10337813
996.18083801	0.10292482
996.42443954	0.10235237
996.66804712	0.10123202
996.91166073	0.10159575
997.15528038	0.10039633
997.39890605	0.10064898
997.64253775	0.10023723
997.88617547	0.09990148
998.12981922	0.09933590
998.37346898	0.09952432
998.61712475	0.09881717
998.86078653	0.09911671
999.10445432	0.09899905
999.34812812	0.09908975
999.59180791	0.09880506
999.83549370	0.09961260
1000.07918548	0.09843073
1000.32288325	0.09936392
1000.56658701	0.09719904
1000.81029676	0.09852413
1001.05401248	0.09626442
1001.29773418	0.09534433
1001.54146186	0.09577248
1001.78519550	0.09405943
1002.02893512	0.09414874
1002.27268069	0.09279190
1002.51643223	0.09343764
1002.76018973	0.09119521
1003.00395318	0.09141179
1003.24772258	0.09015638
1003.49149793	0.09041833
1003.73527922	0.08802348
1003.97906645	0.08903045
1004.22285962	0.08763557
1004.46665873	0.08733881
1004.71046376	0.08540536
1004.95427473	0.08615825
1005.19809162	0.08450922
1005.44191443	0.08514851
1005.68574316	0.08323783
1005.92957780	0.08303057
1006.17341836	0.08195139
1006.41726482	0.08228041
1006.66111719	0.08095904
1006.90497546	0.08185377
1007.14883963	0.07972913
1007.39270969	0.07977451
1007.63658565	0.07871817
1007.88046749	0.07885736
1008.12435522	0.07801752
1008.36824884	0.07776204
1008.61214833	0.07645576
1008.85605369	0.07676475
1009.09996493	0.07582203
1009.34388204	0.07660688
1009.58780501	0.07558914
1009.83173385	0.07608937
1010.07566854	0.07529765
1010.31960910	0.07640896
1010.56355550	0.07465189
1010.80750775	0.07587932
1011.05146585	0.07427078
1011.29542979	0.07549154
1011.53939957	0.07400605
1011.78337519	0.07497681
1012.02735664	0.07405415
1012.27134392	0.07476967
1012.51533702	0.07388834
1012.75933595	0.07407296
1013.00334070	0.07256724
1013.24735127	0.07299105
1013.49136765	0.07220750
1013.73538983	0.07273029
1013.97941783	0.07179309
1014.22345163	0.07211663
1014.46749123	0.07045060
1014.71153662	0.07169413
1014.95558781	0.06981020
1015.19964479	0.07040245
1015.44370756	0.06875508
1015.68777611	0.06947450
1015.93185044	0.06852105
1016.17593055	0.06751411
1016.42001643	0.06640695
1016.66410808	0.06702346
1016.90820550	0.06579721
1017.15230869	0.06623040
1017.39641763	0.06430366
1017.64053233	0.06410040
1017.88465279	0.06309473
1018.12877900	0.06356550
1018.37291095	0.06251055
1018.61704865	0.06302278
1018.86119209	0.06167471
1019.10534127	0.06227263
1019.34949619	0.06153167
1019.59365683	0.06142475
1019.83782320	0.06061440
1020.08199530	0.06134459
1020.32617312	0.06090068
1020.57035666	0.06041782
1020.81454591	0.06015584
1021.05874087	0.06058904
1021.30294155	0.05881316
1021.54714792	0.05871432
1021.79136000	0.05728093
1022.03557778	0.05763523
1022.27980125	0.05773410
1022.52403042	0.06042722
1022.76826527	0.06088447
1023.01250581	0.03670740
1023.25675203	-0.00004977
1023.50100393	0.00025510
1023.74526151	-0.00025961
1023.98952476	0.00051324
1024.23379367	-0.00061134
1024.47806826	-0.00012862
